target,Fips,County,Emp-11-2017,Emp-11-2018,Emp-11-2019,Emp-11-2020,Emp-11-2021,Emp-21-2017,Emp-21-2018,Emp-21-2019,Emp-21-2020,Emp-21-2021,Emp-22-2017,Emp-22-2018,Emp-22-2019,Emp-22-2020,Emp-22-2021,Emp-23-2017,Emp-23-2018,Emp-23-2019,Emp-23-2020,Emp-23-2021,Emp-42-2017,Emp-42-2018,Emp-42-2019,Emp-42-2020,Emp-42-2021,Emp-51-2017,Emp-51-2018,Emp-51-2019,Emp-51-2020,Emp-51-2021,Emp-52-2017,Emp-52-2018,Emp-52-2019,Emp-52-2020,Emp-52-2021,Emp-53-2017,Emp-53-2018,Emp-53-2019,Emp-53-2020,Emp-53-2021,Emp-54-2017,Emp-54-2018,Emp-54-2019,Emp-54-2020,Emp-54-2021,Emp-55-2017,Emp-55-2018,Emp-55-2019,Emp-55-2020,Emp-55-2021,Emp-56-2017,Emp-56-2018,Emp-56-2019,Emp-56-2020,Emp-56-2021,Emp-61-2017,Emp-61-2018,Emp-61-2019,Emp-61-2020,Emp-61-2021,Emp-62-2017,Emp-62-2018,Emp-62-2019,Emp-62-2020,Emp-62-2021,Emp-71-2017,Emp-71-2018,Emp-71-2019,Emp-71-2020,Emp-71-2021,Emp-72-2017,Emp-72-2018,Emp-72-2019,Emp-72-2020,Emp-72-2021,Emp-81-2017,Emp-81-2018,Emp-81-2019,Emp-81-2020,Emp-81-2021,Emp-99-2017,Emp-99-2018,Emp-99-2019,Emp-99-2020,Emp-99-2021,Est-11-2017,Est-11-2018,Est-11-2019,Est-11-2020,Est-11-2021,Est-21-2017,Est-21-2018,Est-21-2019,Est-21-2020,Est-21-2021,Est-22-2017,Est-22-2018,Est-22-2019,Est-22-2020,Est-22-2021,Est-23-2017,Est-23-2018,Est-23-2019,Est-23-2020,Est-23-2021,Est-42-2017,Est-42-2018,Est-42-2019,Est-42-2020,Est-42-2021,Est-51-2017,Est-51-2018,Est-51-2019,Est-51-2020,Est-51-2021,Est-52-2017,Est-52-2018,Est-52-2019,Est-52-2020,Est-52-2021,Est-53-2017,Est-53-2018,Est-53-2019,Est-53-2020,Est-53-2021,Est-54-2017,Est-54-2018,Est-54-2019,Est-54-2020,Est-54-2021,Est-55-2017,Est-55-2018,Est-55-2019,Est-55-2020,Est-55-2021,Est-56-2017,Est-56-2018,Est-56-2019,Est-56-2020,Est-56-2021,Est-61-2017,Est-61-2018,Est-61-2019,Est-61-2020,Est-61-2021,Est-62-2017,Est-62-2018,Est-62-2019,Est-62-2020,Est-62-2021,Est-71-2017,Est-71-2018,Est-71-2019,Est-71-2020,Est-71-2021,Est-72-2017,Est-72-2018,Est-72-2019,Est-72-2020,Est-72-2021,Est-81-2017,Est-81-2018,Est-81-2019,Est-81-2020,Est-81-2021,Est-99-2017,Est-99-2018,Est-99-2019,Est-99-2020,Est-99-2021,Km2-2017,Km2-2018,Km2-2019,Km2-2020,Km2-2021,Latitude-2017,Latitude-2018,Latitude-2019,Latitude-2020,Latitude-2021,Longitude-2017,Longitude-2018,Longitude-2019,Longitude-2020,Longitude-2021,Pay-11-2017,Pay-11-2018,Pay-11-2019,Pay-11-2020,Pay-11-2021,Pay-21-2017,Pay-21-2018,Pay-21-2019,Pay-21-2020,Pay-21-2021,Pay-22-2017,Pay-22-2018,Pay-22-2019,Pay-22-2020,Pay-22-2021,Pay-23-2017,Pay-23-2018,Pay-23-2019,Pay-23-2020,Pay-23-2021,Pay-42-2017,Pay-42-2018,Pay-42-2019,Pay-42-2020,Pay-42-2021,Pay-51-2017,Pay-51-2018,Pay-51-2019,Pay-51-2020,Pay-51-2021,Pay-52-2017,Pay-52-2018,Pay-52-2019,Pay-52-2020,Pay-52-2021,Pay-53-2017,Pay-53-2018,Pay-53-2019,Pay-53-2020,Pay-53-2021,Pay-54-2017,Pay-54-2018,Pay-54-2019,Pay-54-2020,Pay-54-2021,Pay-55-2017,Pay-55-2018,Pay-55-2019,Pay-55-2020,Pay-55-2021,Pay-56-2017,Pay-56-2018,Pay-56-2019,Pay-56-2020,Pay-56-2021,Pay-61-2017,Pay-61-2018,Pay-61-2019,Pay-61-2020,Pay-61-2021,Pay-62-2017,Pay-62-2018,Pay-62-2019,Pay-62-2020,Pay-62-2021,Pay-71-2017,Pay-71-2018,Pay-71-2019,Pay-71-2020,Pay-71-2021,Pay-72-2017,Pay-72-2018,Pay-72-2019,Pay-72-2020,Pay-72-2021,Pay-81-2017,Pay-81-2018,Pay-81-2019,Pay-81-2020,Pay-81-2021,Pay-99-2017,Pay-99-2018,Pay-99-2019,Pay-99-2020,Pay-99-2021,PercentUrban-2017,PercentUrban-2018,PercentUrban-2019,PercentUrban-2020,PercentUrban-2021,Population-2017,Population-2018,Population-2019,Population-2020,Population-2021,UrbanDensity-2017,UrbanDensity-2018,UrbanDensity-2019,UrbanDensity-2020,UrbanDensity-2021
1.0,12133,Washington County,80.0,75.0,73.0,77.0,73.0,,,,,,,,21.0,26.0,23.0,335,325,349,355,385,153.0,160.0,157.0,163.0,157.0,33.0,50.0,58.0,50.0,36.0,96,89.0,81.0,78.0,88.0,12.0,17.0,16.0,17.0,25.0,296.0,303.0,493,303,266,,,,,,91.0,112.0,214.0,453.0,342.0,,34.0,49.0,47.0,38.0,787,760,701,781,738,96.0,97.0,90.0,94.0,87.0,437,391,527.0,525.0,484.0,276,285,263,254,296,,,,,,8.0,6.0,7.0,6.0,7.0,,,,,,,,3.0,3.0,3.0,56,59,72,69,75,14.0,13.0,11.0,11.0,11.0,10.0,13.0,12.0,10.0,11.0,20,23.0,20.0,22.0,22.0,8.0,13.0,15.0,15.0,19.0,31.0,35.0,35,36,34,,,,,,14.0,17.0,21.0,18.0,20.0,,3.0,4.0,6.0,3.0,45,42,38,40,42,6.0,6.0,7.0,6.0,8.0,37,39,35.0,36.0,36.0,50,50,48,48,53,,,,,,1595.57,1595.34,1595.65,1595.26,1595.37,30.22,30.22,30.22,30.22,30.22,-96.39,-96.39,-96.39,-96.39,-96.39,3337.0,3400.0,3542.0,3942.0,3998.0,,,,,,,,1868.0,2020.0,1878.0,10924,11099,13852,14009,14935,7205.0,7357.0,8409.0,7848.0,8480.0,1287.0,2351.0,2657.0,2354.0,1513.0,4264,3884.0,3570.0,3588.0,4600.0,461.0,509.0,543.0,475.0,602.0,14788.0,15606.0,20854,16206,16131,,,,,,1197.0,1939.0,7084.0,9228.0,12791.0,,460.0,1003.0,901.0,902.0,26076,26108,26666,32129,33197,3595.0,3110.0,3333.0,2878.0,2929.0,5852,5472,6821.0,6818.0,7450.0,4610,4656,4834,4851,5554,,,,,,0.0,0.0,0.0,0.0,0.0,24,25,25,25,25,0.0,0.0,0.0,0.0,0.0
1.0,12031,Duval County,77.0,77.0,82.0,92.0,105.0,93.0,29.0,26.0,28.0,33.0,279.0,262.0,258.0,269.0,289.0,27031,29396,29872,31722,30595,22083.0,23146.0,23763.0,25677.0,25931.0,10832.0,10788.0,10826.0,11339.0,11930.0,46514,41927.0,42477.0,45960.0,47590.0,8309.0,8489.0,8165.0,7933.0,8046.0,27515.0,28836.0,29110,33439,34145,13709.0,13784.0,12186.0,11688.0,12539.0,41217.0,43798.0,42506.0,39467.0,39694.0,7887.0,8736.0,7989.0,9324.0,9663.0,65598,62956,65881,67545,67935,7069.0,7686.0,8087.0,7689.0,6900.0,47696,48333,47223.0,46581.0,42745.0,18116,18720,18875,18229,17276,19.0,24.0,53.0,56.0,37.0,21.0,22.0,22.0,26.0,24.0,10.0,8.0,8.0,9.0,7.0,16.0,15.0,13.0,15.0,15.0,2552,2671,2803,2855,2955,1240.0,1226.0,1209.0,1216.0,1216.0,450.0,453.0,444.0,444.0,436.0,1612,1619.0,1595.0,1582.0,1577.0,1459.0,1489.0,1523.0,1603.0,1728.0,3291.0,3295.0,3322,3365,3420,210.0,201.0,199.0,203.0,209.0,1695.0,1724.0,1748.0,1790.0,1845.0,362.0,364.0,361.0,401.0,393.0,2835,2853,2899,2981,3150,334.0,369.0,378.0,353.0,363.0,2183,2187,2203.0,2200.0,2237.0,2387,2378,2431,2506,2541,20.0,27.0,33.0,43.0,32.0,2200.24,2200.25,2200.27,2195.06,2200.28,27.67,27.67,27.67,27.67,27.67,-98.51,-98.51,-98.51,-98.51,-98.51,2894.0,3338.0,3372.0,3888.0,4490.0,3206.0,844.0,2985.0,3343.0,5748.0,30995.0,30701.0,31344.0,34101.0,35642.0,1489190,1612516,1740353,1857211,1935582,1285965.0,1390285.0,1442272.0,1481555.0,1657635.0,1008916.0,1110339.0,1206997.0,1262978.0,1481646.0,3631319,3490981.0,3746525.0,3990754.0,4468315.0,509447.0,474336.0,480440.0,488698.0,533751.0,1845425.0,2100317.0,2187930,2304993,2565407,1119803.0,1171867.0,1109656.0,1082687.0,1287807.0,1435816.0,1542997.0,1515020.0,1511877.0,1659640.0,283789.0,318043.0,321093.0,346553.0,383424.0,3285559,3252803,3384081,3607463,3969251,396596.0,469374.0,448061.0,380685.0,473646.0,799659,833459,859481.0,762868.0,919247.0,552557,593703,608810,579464,635796,445.0,534.0,748.0,1580.0,1703.0,7.2,7.73,7.08,8.42,8.66,912,924,936,949,983,2.23,2.22,2.32,2.29,2.36
1.0,12007,Bradford County,18.0,16.0,20.0,21.0,25.0,,,,,,,,,,,188,226,245,233,250,53.0,44.0,41.0,28.0,37.0,37.0,26.0,37.0,35.0,36.0,105,105.0,102.0,105.0,124.0,41.0,42.0,29.0,23.0,26.0,95.0,88.0,92,93,98,,,,,,97.0,87.0,102.0,124.0,156.0,0.0,35.0,,46.0,45.0,840,819,797,746,676,31.0,26.0,20.0,15.0,18.0,706,716,664.0,565.0,632.0,269,277,287,244,226,,,,,,6.0,6.0,6.0,5.0,7.0,,,,,,,,,,,36,43,41,44,43,14.0,13.0,12.0,10.0,13.0,7.0,7.0,7.0,8.0,10.0,23,21.0,19.0,20.0,21.0,19.0,18.0,14.0,13.0,14.0,32.0,28.0,31,31,30,,,,,,25.0,23.0,27.0,25.0,28.0,3.0,3.0,,3.0,3.0,40,41,40,40,37,10.0,6.0,7.0,6.0,5.0,41,42,41.0,39.0,43.0,58,61,60,64,66,,,,,,778.28,778.3,778.3,778.24,778.47,41.77,41.77,41.77,41.77,41.77,-76.53,-76.53,-76.53,-76.53,-76.53,419.0,656.0,831.0,924.0,1186.0,,,,,,,,,,,7644,8859,10271,10515,12846,2045.0,1681.0,1166.0,860.0,1500.0,1119.0,1032.0,1232.0,1144.0,1369.0,4267,4116.0,4275.0,4800.0,5238.0,1124.0,740.0,486.0,491.0,737.0,3227.0,2922.0,3193,3303,3510,,,,,,3734.0,2898.0,3545.0,3310.0,7319.0,0.0,706.0,,943.0,987.0,28876,28673,27339,20894,20933,212.0,361.0,282.0,248.0,255.0,9272,10023,9907.0,8908.0,10678.0,5450,5487,5777,5408,5864,,,,,,0.0,0.0,0.0,0.0,0.0,27,27,27,28,28,0.0,0.0,0.0,0.0,0.0
0.0,12009,Brevard County,25.0,27.0,28.0,34.0,17.0,8.0,15.0,11.0,19.0,33.0,356.0,373.0,363.0,360.0,371.0,11249,11431,11689,12622,12742,4324.0,4568.0,4399.0,4527.0,4583.0,3845.0,3747.0,3496.0,3262.0,2668.0,4741,4760.0,4903.0,5178.0,5296.0,2741.0,2890.0,2953.0,2991.0,3038.0,18667.0,19376.0,19615,21218,21817,2845.0,2799.0,3870.0,3532.0,3421.0,12460.0,12471.0,12961.0,13011.0,16067.0,5142.0,5225.0,5402.0,5695.0,5279.0,31612,31007,32969,31839,30959,3579.0,3444.0,3455.0,3331.0,2509.0,23189,24310,24090.0,24604.0,23379.0,8336,8681,8679,8715,8284,12.0,11.0,6.0,23.0,11.0,13.0,13.0,13.0,15.0,12.0,5.0,6.0,6.0,6.0,5.0,19.0,21.0,24.0,25.0,27.0,1600,1668,1681,1668,1729,537.0,530.0,520.0,501.0,506.0,235.0,241.0,239.0,241.0,238.0,730,753.0,758.0,765.0,756.0,844.0,888.0,918.0,973.0,1024.0,1933.0,1929.0,1936,1982,2040,44.0,45.0,44.0,42.0,43.0,993.0,995.0,1027.0,1021.0,1090.0,168.0,180.0,179.0,186.0,199.0,1603,1644,1640,1658,1744,200.0,201.0,208.0,216.0,207.0,1190,1206,1211.0,1222.0,1254.0,1354,1370,1358,1358,1400,10.0,14.0,10.0,17.0,10.0,3353.84,3353.62,3353.92,3352.98,3353.88,28.21,28.21,28.21,28.21,28.21,-80.8,-80.8,-80.8,-80.8,-80.8,644.0,787.0,893.0,1069.0,751.0,424.0,642.0,733.0,1435.0,1863.0,37575.0,40290.0,41343.0,41502.0,40786.0,480069,521743,565388,629662,655184,237169.0,248205.0,252227.0,255328.0,267755.0,266695.0,250425.0,237018.0,235136.0,226508.0,307827,301746.0,324170.0,350099.0,385980.0,103614.0,111153.0,114027.0,115354.0,134137.0,1437183.0,1526304.0,1600848,1813806,1871736,237529.0,236581.0,400227.0,367025.0,380906.0,411229.0,419889.0,480563.0,499911.0,613115.0,148560.0,155259.0,160207.0,171080.0,158534.0,1374241,1464855,1556272,1518780,1608028,94232.0,88889.0,92798.0,66354.0,81690.0,391833,424043,445768.0,411453.0,509023.0,231589,257298,256771,262070,285903,219.0,551.0,109.0,437.0,131.0,1.84,2.17,2.07,2.55,2.74,568,577,586,594,602,2.0,1.95,1.99,2.09,2.08
0.0,12019,Clay County,68.0,65.0,64.0,80.0,109.0,,,,,,0.0,325.0,340.0,340.0,331.0,2925,3258,3319,3350,3648,712.0,801.0,959.0,1054.0,1011.0,842.0,1149.0,922.0,882.0,801.0,1078,986.0,999.0,1271.0,1119.0,913.0,772.0,707.0,621.0,620.0,3180.0,3238.0,2290,2242,2541,260.0,257.0,159.0,170.0,149.0,3330.0,3785.0,4013.0,4353.0,4807.0,671.0,713.0,745.0,638.0,614.0,9220,9189,9009,9894,9425,997.0,1307.0,1153.0,1156.0,1024.0,6243,6380,6396.0,6373.0,6373.0,2224,2235,2240,2106,2145,,,1.0,3.0,5.0,15.0,15.0,12.0,15.0,17.0,,,,,,4.0,4.0,5.0,5.0,5.0,530,553,572,574,620,99.0,98.0,93.0,104.0,105.0,54.0,59.0,60.0,56.0,58.0,191,184.0,185.0,180.0,194.0,223.0,229.0,231.0,252.0,288.0,427.0,429.0,436,441,465,19.0,19.0,16.0,15.0,14.0,244.0,241.0,253.0,269.0,268.0,62.0,57.0,56.0,58.0,55.0,516,511,525,547,563,42.0,48.0,49.0,47.0,48.0,291,303,307.0,317.0,319.0,420,421,424,431,432,,,5.0,4.0,6.0,1666.74,1666.75,1666.7,1666.85,1666.51,33.69,33.69,33.69,33.69,33.69,-98.21,-98.21,-98.21,-98.21,-98.21,2702.0,2611.0,2436.0,3685.0,5118.0,,,,,,0.0,26948.0,28462.0,29291.0,28930.0,111631,123600,133286,143124,164730,33189.0,40721.0,49975.0,53598.0,57398.0,40204.0,44887.0,47930.0,46510.0,45545.0,45356,41550.0,47523.0,63886.0,63413.0,29660.0,26818.0,27292.0,24025.0,27871.0,158519.0,159656.0,132040,146620,160271,14660.0,15011.0,12440.0,11805.0,11498.0,127424.0,148343.0,160659.0,148227.0,197992.0,19090.0,20642.0,19992.0,19357.0,20680.0,439508,460244,459159,482525,525707,23358.0,22096.0,21928.0,19968.0,22343.0,95422,103266,107278.0,103072.0,125234.0,52425,56265,58593,58309,64058,,,26.0,190.0,152.0,0.36,0.36,0.46,1.02,0.95,203,207,211,215,216,1.98,2.2,2.09,2.04,1.94
1.0,12067,Lafayette County,,,9.0,,,,,,,,,,,,,34,25,27,30,38,75.0,77.0,73.0,78.0,78.0,,,,,,54,16.0,19.0,19.0,22.0,,,,,,36.0,20.0,26,22,32,,,,,,0.0,8.0,,,,,,,,,131,125,136,138,120,,,,,,43,48,55.0,63.0,55.0,57,59,28,39,44,,,,,,,,3.0,,,,,,,,,,,,,10,9,9,10,8,7.0,7.0,7.0,7.0,7.0,,,,,,5,5.0,5.0,5.0,6.0,,,,,,8.0,7.0,6,6,7,,,,,,3.0,3.0,,,,,,,,,10,10,10,10,10,,,,,,8,6,8.0,7.0,8.0,16,16,17,16,17,,,,,,1418.65,1418.65,1418.68,1418.96,1418.64,30.0,30.0,30.0,30.0,30.0,-83.22,-83.22,-83.22,-83.22,-83.22,,,75.0,,,,,,,,,,,,,819,769,968,1016,1196,3576.0,3748.0,3759.0,4185.0,4471.0,,,,,,1960,583.0,578.0,649.0,799.0,,,,,,666.0,588.0,610,702,773,,,,,,0.0,218.0,,,,,,,,,3348,3380,3392,3571,3587,,,,,,638,641,777.0,791.0,752.0,848,1127,808,803,910,,,,,,0.0,0.0,0.0,0.0,0.0,9,9,9,9,8,0.0,0.0,0.0,0.0,0.0
0.0,12069,Lake County,86.0,116.0,77.0,78.0,71.0,95.0,95.0,94.0,104.0,111.0,140.0,145.0,150.0,154.0,150.0,7252,7571,8006,8998,9061,1648.0,1722.0,1803.0,1992.0,1933.0,2504.0,2482.0,2441.0,2247.0,765.0,2121,2209.0,2063.0,2228.0,2105.0,2155.0,2223.0,2251.0,2082.0,2294.0,2346.0,2255.0,2258,2369,2532,301.0,671.0,665.0,737.0,365.0,4190.0,4337.0,4420.0,4862.0,4591.0,1751.0,1824.0,1530.0,1538.0,1595.0,19403,18632,19396,19404,19840,1448.0,1381.0,1400.0,1295.0,1215.0,10894,12154,12362.0,12429.0,11746.0,5052,4982,5140,5050,4986,4.0,4.0,6.0,5.0,4.0,20.0,21.0,18.0,16.0,19.0,9.0,9.0,8.0,10.0,9.0,18.0,16.0,17.0,17.0,19.0,963,1033,1068,1113,1163,263.0,271.0,264.0,273.0,278.0,111.0,115.0,114.0,125.0,122.0,393,391.0,401.0,409.0,419.0,480.0,513.0,527.0,545.0,577.0,669.0,704.0,697,734,789,18.0,16.0,17.0,17.0,14.0,528.0,535.0,563.0,589.0,666.0,97.0,104.0,106.0,107.0,115.0,939,952,945,965,1018,128.0,134.0,133.0,136.0,144.0,547,563,575.0,596.0,649.0,717,729,726,761,770,4.0,8.0,7.0,11.0,9.0,2995.58,2995.63,2995.64,2995.52,2995.27,39.05,39.05,39.05,39.05,39.05,-122.78,-122.78,-122.78,-122.78,-122.78,3091.0,3481.0,2669.0,2794.0,2742.0,5432.0,5562.0,5537.0,6474.0,6849.0,11913.0,12115.0,12418.0,12859.0,13127.0,321769,359133,399295,463860,473826,73346.0,75479.0,81597.0,92643.0,108479.0,127496.0,130711.0,122267.0,126379.0,46933.0,121010,127465.0,121255.0,131711.0,136801.0,71751.0,72898.0,73678.0,67745.0,98274.0,104780.0,104141.0,104893,119769,136128,13007.0,35961.0,36957.0,40464.0,16582.0,121174.0,130241.0,139532.0,154398.0,176146.0,58245.0,57812.0,51116.0,51446.0,55021.0,844515,825963,895806,897031,991994,26926.0,25479.0,26848.0,24434.0,29836.0,185736,230039,243463.0,212837.0,240649.0,128919,128703,139261,139453,153896,44.0,59.0,103.0,107.0,94.0,0.15,0.19,0.16,0.5,0.33,326,335,346,356,375,1.72,1.76,1.91,2.4,2.83
1.0,12089,Nassau County,369.0,301.0,281.0,302.0,133.0,,,,,,123.0,107.0,114.0,134.0,136.0,905,1050,1062,1031,1144,316.0,307.0,287.0,284.0,341.0,127.0,134.0,143.0,138.0,122.0,393,453.0,436.0,471.0,434.0,298.0,384.0,499.0,546.0,543.0,616.0,666.0,665,687,714,129.0,260.0,275.0,272.0,258.0,649.0,754.0,737.0,739.0,789.0,187.0,193.0,192.0,170.0,175.0,2490,2482,2826,2929,3025,558.0,597.0,616.0,633.0,646.0,4840,4819,5164.0,5079.0,4664.0,925,1100,1144,1219,1236,,,1.0,,,25.0,24.0,23.0,20.0,19.0,,,,,,7.0,8.0,8.0,8.0,8.0,233,237,248,252,264,43.0,43.0,38.0,37.0,39.0,20.0,23.0,29.0,26.0,27.0,84,84.0,90.0,93.0,90.0,117.0,116.0,142.0,151.0,159.0,208.0,214.0,218,221,232,7.0,6.0,5.0,5.0,5.0,120.0,115.0,108.0,111.0,120.0,21.0,22.0,24.0,23.0,25.0,187,193,196,212,227,44.0,48.0,49.0,48.0,48.0,174,174,179.0,174.0,190.0,200,204,206,205,212,,,4.0,,,1735.43,1735.43,1735.43,1734.99,1736.22,40.74,40.74,40.74,40.74,40.74,-73.56,-73.56,-73.56,-73.56,-73.56,21253.0,25874.0,22116.0,23924.0,10040.0,,,,,,11077.0,12528.0,12702.0,13857.0,10595.0,33292,39050,43187,42700,48925,14037.0,14367.0,14285.0,14698.0,16881.0,6191.0,6843.0,6193.0,6358.0,8840.0,23844,32999.0,32332.0,34334.0,30902.0,14185.0,13749.0,22037.0,23670.0,29316.0,33620.0,33428.0,34822,37550,40975,14694.0,37376.0,41093.0,39771.0,36867.0,22445.0,23862.0,24279.0,26052.0,29376.0,4479.0,4605.0,4881.0,5121.0,5756.0,99579,110724,114263,134538,142526,13398.0,14338.0,15956.0,16596.0,18285.0,109948,116536,121355.0,109820.0,121102.0,28717,31848,33997,38171,40781,,,82.0,,,0.0,0.05,0.05,0.07,0.07,78,81,83,86,88,0.0,1.57,1.51,1.73,1.93
1.0,12103,Pinellas County,52.0,58.0,53.0,52.0,66.0,4.0,3.0,,2.0,,0.0,1278.0,1272.0,1279.0,1268.0,18065,19897,20583,22128,21844,13235.0,13251.0,13930.0,12837.0,13169.0,9549.0,10145.0,11315.0,10672.0,10761.0,25469,28012.0,28480.0,30347.0,28433.0,9428.0,9176.0,9417.0,8122.0,8334.0,31698.0,32480.0,28941,30751,32597,12177.0,12077.0,11582.0,11803.0,10565.0,26467.0,26721.0,26960.0,27063.0,24175.0,6452.0,6515.0,7039.0,7190.0,6959.0,73585,73375,73881,77582,73563,6761.0,7551.0,7772.0,8420.0,7123.0,46781,49340,49789.0,49399.0,44775.0,18199,18110,18028,18079,17200,63.0,99.0,39.0,49.0,32.0,23.0,26.0,24.0,26.0,28.0,3.0,3.0,,3.0,,58.0,46.0,44.0,45.0,47.0,2370,2438,2522,2540,2666,1350.0,1321.0,1289.0,1263.0,1276.0,463.0,463.0,489.0,495.0,505.0,1896,1910.0,1959.0,1933.0,1989.0,1896.0,1983.0,2042.0,2124.0,2255.0,4228.0,4279.0,4371,4587,4868,176.0,162.0,148.0,146.0,148.0,1853.0,1830.0,1848.0,1896.0,1966.0,377.0,379.0,395.0,391.0,402.0,3512,3527,3582,3656,3797,465.0,496.0,521.0,531.0,561.0,2293,2360,2385.0,2375.0,2474.0,2587,2575,2582,2633,2649,19.0,33.0,46.0,39.0,31.0,850.77,850.48,850.62,843.84,849.73,27.88,27.88,27.88,27.88,27.88,-82.73,-82.73,-82.73,-82.73,-82.73,1733.0,2218.0,1947.0,2023.0,2415.0,183.0,135.0,,113.0,,0.0,128719.0,133519.0,135771.0,135575.0,870281,979903,1070713,1164332,1205093,763002.0,781191.0,907931.0,873702.0,899894.0,605289.0,764080.0,872561.0,845855.0,814445.0,2130124,2265485.0,2414820.0,2724160.0,2961960.0,383419.0,365403.0,399616.0,368657.0,422932.0,1957513.0,2049757.0,1986536,2116158,2385826,1040730.0,1185079.0,1150993.0,1068021.0,1054180.0,1040823.0,1010135.0,1064273.0,1056684.0,1096693.0,232346.0,263269.0,319236.0,319595.0,420308.0,3696711,3816883,4065751,4156336,4339744,268034.0,285820.0,283602.0,230313.0,263913.0,881872,962550,1022562.0,913560.0,1108024.0,464007,481997,511402,504258,556276,12625.0,4139.0,1593.0,2289.0,1779.0,33.9,34.77,34.96,33.96,33.22,950,958,965,971,958,2.39,2.4,2.41,2.5,2.47
0.0,12105,Polk County,549.0,396.0,339.0,367.0,322.0,721.0,878.0,859.0,832.0,842.0,492.0,587.0,430.0,417.0,404.0,10919,11762,11776,12018,12479,9956.0,9865.0,10107.0,9929.0,9643.0,2093.0,2323.0,2501.0,2462.0,2384.0,11263,11664.0,11374.0,10930.0,10702.0,3296.0,3533.0,3466.0,3363.0,4205.0,6199.0,6519.0,6505,7115,7345,6801.0,7411.0,7508.0,7804.0,11743.0,11289.0,12528.0,13450.0,13948.0,12988.0,4724.0,5199.0,5015.0,4869.0,4829.0,28729,28788,29740,30981,30087,3485.0,3444.0,3726.0,3428.0,3148.0,17895,19268,19559.0,20302.0,19094.0,7089,7333,7471,7999,7951,23.0,17.0,13.0,36.0,18.0,44.0,42.0,37.0,39.0,39.0,19.0,19.0,19.0,18.0,19.0,35.0,28.0,26.0,25.0,27.0,1311,1428,1447,1505,1631,618.0,613.0,611.0,623.0,626.0,155.0,167.0,170.0,185.0,188.0,684,691.0,693.0,691.0,683.0,714.0,735.0,765.0,803.0,871.0,1095.0,1116.0,1126,1147,1205,69.0,63.0,61.0,64.0,58.0,806.0,821.0,809.0,843.0,940.0,137.0,145.0,159.0,159.0,182.0,1147,1172,1205,1242,1287,148.0,149.0,150.0,153.0,155.0,887,907,931.0,953.0,1004.0,1138,1176,1177,1211,1270,8.0,19.0,14.0,18.0,19.0,5206.84,5206.82,5206.82,5207.34,5206.76,30.76,30.76,30.76,30.76,30.76,-94.82,-94.82,-94.82,-94.82,-94.82,11684.0,9231.0,8655.0,10001.0,13958.0,68120.0,80258.0,78197.0,74257.0,77963.0,53865.0,52326.0,48372.0,49500.0,47722.0,517171,551774,557108,597507,619812,510825.0,525429.0,561640.0,554092.0,576434.0,92386.0,96558.0,106079.0,109110.0,125074.0,700517,744076.0,745952.0,818402.0,820907.0,131620.0,149127.0,143857.0,145435.0,186496.0,302121.0,331789.0,336804,403776,430796,367605.0,426013.0,481178.0,625252.0,848377.0,351102.0,367327.0,396671.0,421821.0,427567.0,140014.0,164749.0,184074.0,162797.0,168708.0,1334165,1370135,1442692,1553734,1635971,64875.0,67288.0,73880.0,55342.0,68358.0,281101,306164,315489.0,304379.0,364188.0,192497,206010,218799,234669,260098,309.0,277.0,604.0,1468.0,570.0,0.62,0.75,0.6,1.09,0.96,652,669,686,706,713,1.98,1.96,2.09,2.08,2.13
0.0,12111,St. Lucie County,318.0,301.0,319.0,248.0,108.0,,,,,,0.0,905.0,908.0,820.0,758.0,4205,4731,4970,5290,5605,1976.0,2259.0,2249.0,2178.0,2243.0,919.0,899.0,814.0,777.0,641.0,1234,1093.0,1208.0,1322.0,1344.0,1378.0,1217.0,1366.0,1407.0,1088.0,2558.0,2540.0,2701,2554,2252,729.0,733.0,556.0,521.0,278.0,3481.0,4017.0,5139.0,5960.0,6710.0,1384.0,1239.0,1277.0,1366.0,1341.0,12488,12840,13187,13221,12987,934.0,908.0,935.0,916.0,928.0,8534,9758,9388.0,9700.0,9459.0,2696,2522,2638,2540,2688,4.0,7.0,4.0,11.0,4.0,13.0,11.0,11.0,8.0,8.0,,,,,,10.0,12.0,13.0,13.0,15.0,850,918,960,1022,1047,260.0,261.0,275.0,287.0,293.0,68.0,84.0,79.0,77.0,76.0,237,240.0,256.0,284.0,285.0,309.0,315.0,322.0,332.0,368.0,555.0,570.0,592,602,656,23.0,22.0,21.0,19.0,18.0,450.0,465.0,483.0,501.0,548.0,61.0,67.0,71.0,80.0,79.0,765,807,831,864,899,87.0,87.0,88.0,88.0,95.0,444,460,466.0,491.0,513.0,553,536,536,568,616,4.0,17.0,7.0,10.0,10.0,1583.63,1583.7,1583.71,1583.62,1583.72,27.39,27.39,27.39,27.39,27.39,-80.46,-80.46,-80.46,-80.46,-80.46,10259.0,10773.0,11226.0,7100.0,5877.0,,,,,,0.0,122520.0,126068.0,100949.0,109327.0,169524,189834,204852,225561,256396,99849.0,109094.0,112732.0,111840.0,125580.0,48983.0,47578.0,46136.0,40661.0,39285.0,64168,61065.0,70679.0,84089.0,85599.0,41770.0,41921.0,49247.0,46421.0,42789.0,114109.0,116756.0,122902,121661,124071,28271.0,28846.0,23798.0,22999.0,13395.0,106312.0,123932.0,170201.0,169042.0,191623.0,36637.0,36067.0,39095.0,40715.0,46302.0,589158,620577,661595,635376,735977,19294.0,18923.0,18840.0,17676.0,20979.0,132396,150435,154254.0,166270.0,182691.0,67618,67949,72740,72203,83748,57.0,202.0,192.0,309.0,153.0,1.56,1.41,1.49,2.83,3.16,299,306,313,321,325,1.9,1.98,2.11,1.96,1.91
0.0,12043,Glades County,,,22.0,33.0,37.0,,,,,,,,,,,52,67,63,77,86,,,,,,,,,,,0,76.0,15.0,13.0,,23.0,19.0,21.0,23.0,26.0,6.0,3.0,6,5,5,,,,,,181.0,197.0,216.0,227.0,239.0,,,,,,99,87,55,48,40,16.0,18.0,20.0,24.0,23.0,120,99,86.0,122.0,117.0,37,41,39,39,40,,,,,,,,3.0,4.0,5.0,,,,,,,,,,,14,17,15,18,17,,,,,,,,,,,4,4.0,5.0,5.0,,4.0,6.0,6.0,6.0,7.0,6.0,4.0,5,4,3,,,,,,10.0,9.0,12.0,12.0,10.0,,,,,,9,8,7,6,4,4.0,4.0,5.0,4.0,5.0,9,10,11.0,13.0,14.0,12,12,12,14,12,,,,,,2556.56,2556.36,2556.36,2557.34,2557.38,26.93,26.93,26.93,26.93,26.93,-81.19,-81.19,-81.19,-81.19,-81.19,,,768.0,1219.0,1288.0,,,,,,,,,,,2095,2512,2851,3292,3727,,,,,,,,,,,0,4927.0,573.0,573.0,,321.0,395.0,446.0,608.0,671.0,326.0,257.0,213,194,159,,,,,,6560.0,7693.0,8053.0,8499.0,8462.0,,,,,,3712,2841,1975,1820,1652,469.0,578.0,609.0,632.0,746.0,1175,1109,1202.0,1539.0,2074.0,446,470,461,460,540,,,,,,0.06,0.0,0.0,0.0,0.0,13,13,14,14,12,1.51,0.0,0.0,0.0,0.0
1.0,12051,Hendry County,60.0,49.0,43.0,35.0,30.0,,,,37.0,45.0,12.0,12.0,14.0,16.0,,457,458,504,615,739,302.0,302.0,298.0,269.0,258.0,39.0,40.0,35.0,40.0,38.0,210,232.0,236.0,236.0,235.0,69.0,73.0,53.0,52.0,50.0,326.0,336.0,349,370,211,,,,,,184.0,156.0,182.0,204.0,185.0,12.0,7.0,13.0,9.0,14.0,1198,1207,1195,1289,1281,42.0,44.0,37.0,37.0,31.0,919,958,1157.0,1171.0,1070.0,224,223,237,237,225,,,,,,7.0,3.0,6.0,4.0,5.0,,,,3.0,3.0,4.0,4.0,4.0,4.0,,55,55,74,74,92,31.0,29.0,31.0,29.0,32.0,7.0,7.0,7.0,9.0,9.0,33,30.0,29.0,31.0,32.0,25.0,25.0,21.0,23.0,26.0,46.0,41.0,48,52,54,,,,,,30.0,31.0,30.0,36.0,38.0,6.0,6.0,6.0,6.0,6.0,60,63,70,72,74,6.0,5.0,6.0,6.0,6.0,60,64,65.0,68.0,68.0,64,68,68,72,66,,,,,,3081.76,3081.62,3081.68,3080.15,3080.27,26.6,26.6,26.6,26.6,26.6,-81.15,-81.15,-81.15,-81.15,-81.15,1671.0,1481.0,1072.0,1801.0,1758.0,,,,1903.0,2183.0,449.0,518.0,506.0,519.0,,17911,19333,22460,27986,36133,12626.0,13111.0,12286.0,12146.0,12737.0,1602.0,1567.0,1476.0,1813.0,1716.0,8993,9852.0,10602.0,11127.0,11828.0,1871.0,2339.0,1972.0,2036.0,1866.0,9574.0,10199.0,11244,9606,10895,,,,,,5361.0,5345.0,6613.0,7074.0,7408.0,505.0,298.0,343.0,303.0,690.0,44537,44101,45232,49219,51063,906.0,957.0,943.0,858.0,945.0,13377,14576,16271.0,17558.0,19356.0,6033,6456,6712,6342,6387,,,,,,0.0,0.03,0.03,0.03,0.03,39,40,41,41,39,0.0,1.57,1.86,1.84,1.89
0.0,12061,Indian River County,568.0,543.0,659.0,653.0,653.0,,13.0,13.0,13.0,14.0,42.0,48.0,49.0,62.0,30.0,3087,3224,3433,3546,3595,800.0,838.0,830.0,820.0,847.0,575.0,552.0,516.0,475.0,472.0,1501,1488.0,1512.0,1563.0,1572.0,1484.0,1555.0,1493.0,1519.0,1533.0,2101.0,2138.0,2357,2643,2766,179.0,192.0,194.0,248.0,205.0,2589.0,3265.0,3433.0,3335.0,4106.0,716.0,688.0,868.0,887.0,771.0,9930,9630,9545,9539,10032,2259.0,2034.0,2276.0,2221.0,2034.0,5698,6026,5799.0,5985.0,5832.0,2471,2586,2647,2509,2487,8.0,5.0,6.0,3.0,4.0,26.0,24.0,25.0,24.0,29.0,,3.0,3.0,3.0,3.0,7.0,6.0,6.0,7.0,7.0,491,522,546,547,560,161.0,154.0,148.0,143.0,145.0,57.0,55.0,58.0,60.0,60.0,262,256.0,259.0,260.0,264.0,272.0,279.0,298.0,316.0,330.0,515.0,538.0,526,541,574,14.0,14.0,13.0,14.0,14.0,354.0,372.0,372.0,389.0,411.0,43.0,40.0,42.0,45.0,50.0,492,490,489,492,530,82.0,80.0,81.0,78.0,85.0,282,282,295.0,295.0,309.0,404,409,416,431,429,5.0,8.0,6.0,7.0,10.0,1399.31,1399.36,1399.27,1398.2,1399.28,27.7,27.7,27.7,27.7,27.7,-80.59,-80.59,-80.59,-80.59,-80.59,13609.0,13902.0,16578.0,18133.0,18686.0,,413.0,639.0,399.0,597.0,1827.0,1581.0,1915.0,2682.0,1125.0,126661,135222,150987,160426,171979,110158.0,85257.0,83400.0,86225.0,79718.0,28469.0,25126.0,25020.0,24351.0,28734.0,133214,140255.0,148957.0,161360.0,185066.0,50625.0,60540.0,61477.0,64795.0,75971.0,116114.0,128142.0,136418,144498,161649,12755.0,14551.0,15675.0,18174.0,18186.0,84193.0,102701.0,116820.0,118650.0,151522.0,25056.0,27131.0,30799.0,29392.0,28231.0,470266,479805,499313,499729,590987,66668.0,60087.0,73491.0,67894.0,75580.0,100626,106126,108616.0,107504.0,124256.0,67353,72145,75410,73872,79438,158.0,232.0,132.0,109.0,274.0,0.41,0.41,0.54,0.51,0.82,148,151,154,157,158,1.77,1.86,1.76,1.77,1.86
1.0,12063,Jackson County,39.0,43.0,41.0,29.0,32.0,58.0,43.0,34.0,,29.0,139.0,116.0,116.0,116.0,121.0,456,445,482,550,617,173.0,229.0,231.0,247.0,273.0,76.0,60.0,75.0,58.0,56.0,321,306.0,292.0,262.0,290.0,87.0,84.0,100.0,100.0,107.0,260.0,262.0,267,277,302,,,,,,441.0,474.0,489.0,477.0,446.0,0.0,227.0,222.0,204.0,204.0,1747,1622,1653,1708,1629,51.0,50.0,49.0,44.0,43.0,1096,992,1286.0,1256.0,1158.0,468,434,442,504,487,0.0,,,,,7.0,8.0,8.0,8.0,8.0,5.0,3.0,3.0,,3.0,5.0,5.0,5.0,5.0,5.0,60,60,70,79,76,20.0,21.0,20.0,20.0,25.0,14.0,15.0,15.0,15.0,15.0,56,55.0,54.0,51.0,49.0,30.0,33.0,31.0,35.0,37.0,47.0,52.0,51,56,54,,,,,,40.0,41.0,43.0,40.0,49.0,3.0,4.0,4.0,3.0,6.0,82,88,86,88,88,8.0,8.0,7.0,6.0,6.0,81,81,82.0,78.0,86.0,101,96,96,97,96,4.0,,,,,2472.41,2472.41,2472.44,2472.71,2472.48,28.92,28.92,28.92,28.92,28.92,-96.56,-96.56,-96.56,-96.56,-96.56,1453.0,1659.0,1607.0,1706.0,1500.0,2788.0,2034.0,1749.0,,1553.0,9887.0,8367.0,8517.0,11009.0,9372.0,17611,19051,22146,24401,33508,5849.0,7753.0,9035.0,8271.0,10375.0,3018.0,3111.0,2805.0,2487.0,2375.0,13262,12559.0,14210.0,15078.0,15652.0,3054.0,3119.0,3346.0,3384.0,3584.0,11713.0,11934.0,12534,14280,19355,,,,,,16133.0,17161.0,18615.0,18586.0,15550.0,0.0,2975.0,3087.0,2943.0,3119.0,68564,69264,72607,73885,73674,658.0,638.0,839.0,758.0,914.0,14374,14051,18357.0,16631.0,18514.0,10597,10092,10789,12450,12580,0.0,,,,,0.0,0.0,0.0,0.0,0.0,49,48,48,47,48,0.0,0.0,0.0,0.0,0.0
0.0,12099,Palm Beach County,531.0,481.0,566.0,468.0,553.0,123.0,125.0,94.0,93.0,95.0,0.0,4618.0,4656.0,5055.0,5545.0,31472,32784,35780,36810,37603,21864.0,21621.0,22010.0,20720.0,21374.0,11983.0,12304.0,14466.0,13857.0,11670.0,21206,21426.0,20705.0,22005.0,22973.0,14515.0,15723.0,16000.0,14196.0,15005.0,42316.0,43872.0,43434,44906,45994,14683.0,15052.0,16344.0,16146.0,17769.0,42860.0,44593.0,45667.0,44400.0,44016.0,11223.0,11617.0,12059.0,12370.0,11587.0,87835,88679,91692,92489,90619,20321.0,21783.0,21851.0,22500.0,19666.0,70356,72073,71297.0,71428.0,63953.0,26756,28052,27169,27740,26599,56.0,99.0,90.0,85.0,151.0,153.0,173.0,179.0,172.0,201.0,10.0,10.0,8.0,10.0,9.0,72.0,76.0,77.0,81.0,87.0,4448,4744,4866,4930,5150,2361.0,2380.0,2295.0,2306.0,2387.0,754.0,790.0,806.0,827.0,857.0,3135,3151.0,3169.0,3235.0,3369.0,3125.0,3261.0,3297.0,3532.0,3859.0,8371.0,8468.0,8606,9081,9462,252.0,250.0,262.0,271.0,252.0,3587.0,3675.0,3689.0,3845.0,3959.0,652.0,661.0,659.0,696.0,747.0,5913,6002,5997,6177,6530,888.0,913.0,982.0,1020.0,1027.0,3058,3086,3101.0,3112.0,3232.0,4185,4243,4318,4430,4651,39.0,73.0,67.0,83.0,84.0,5766.26,5765.84,5765.99,5766.27,5765.74,26.63,26.63,26.63,26.63,26.63,-80.45,-80.45,-80.45,-80.45,-80.45,19959.0,21126.0,22110.0,22169.0,29166.0,8361.0,8608.0,7264.0,9461.0,7048.0,0.0,710275.0,733008.0,866240.0,987465.0,1537969,1727068,2015131,2126930,2360509,1613966.0,1674508.0,1714320.0,1549248.0,1713468.0,897564.0,1014166.0,1175070.0,1361723.0,1409859.0,2299551,2352818.0,2360207.0,2685097.0,3581746.0,752334.0,835718.0,895683.0,849970.0,1069718.0,3213425.0,3309009.0,3359266,3657557,3996003,1359657.0,1507633.0,1594265.0,1537619.0,1897452.0,1738570.0,1709300.0,1795871.0,1775080.0,1930968.0,395808.0,430828.0,502077.0,463713.0,494823.0,4349712,4527223,4713792,4723564,5056125,637188.0,680360.0,710923.0,695748.0,784395.0,1416142,1505015,1540063.0,1306537.0,1646891.0,824027,903036,920650,918562,1031372,2568.0,3284.0,4337.0,3097.0,7665.0,6.32,6.47,6.57,6.26,6.28,1427,1446,1465,1482,1481,2.63,2.64,2.64,2.89,2.88
1.0,12109,St. Johns County,29.0,37.0,20.0,19.0,24.0,,,,,17.0,0.0,77.0,81.0,77.0,72.0,4415,4460,4997,5095,5449,1797.0,2046.0,2154.0,2112.0,1851.0,534.0,582.0,645.0,644.0,630.0,1799,1830.0,1811.0,1928.0,1944.0,1517.0,1467.0,1641.0,1763.0,2032.0,3606.0,3697.0,3589,3897,4350,455.0,337.0,395.0,358.0,285.0,3456.0,3353.0,3514.0,3645.0,3987.0,2276.0,2415.0,2766.0,2871.0,2813.0,8860,8358,8429,9197,9336,1591.0,1734.0,1652.0,1691.0,1779.0,12636,13607,13445.0,13994.0,13976.0,4032,4409,4532,4629,4675,2.0,16.0,8.0,7.0,7.0,8.0,8.0,6.0,7.0,6.0,,,,,4.0,4.0,5.0,6.0,7.0,7.0,605,653,681,714,762,232.0,237.0,228.0,240.0,248.0,82.0,90.0,94.0,99.0,111.0,373,373.0,385.0,416.0,444.0,457.0,485.0,525.0,586.0,688.0,958.0,997.0,1036,1073,1195,27.0,24.0,23.0,23.0,23.0,426.0,436.0,466.0,484.0,525.0,93.0,97.0,103.0,108.0,129.0,660,679,731,766,818,116.0,133.0,131.0,144.0,162.0,605,650,639.0,650.0,695.0,521,543,576,583,614,3.0,9.0,7.0,11.0,6.0,1744.2,1744.21,1744.21,1744.22,1744.26,29.9,29.9,29.9,29.9,29.9,-81.41,-81.41,-81.41,-81.41,-81.41,1507.0,1069.0,536.0,806.0,733.0,,,,,839.0,0.0,8739.0,8768.0,8904.0,8578.0,204616,247692,271088,293876,329044,125783.0,139451.0,146975.0,155656.0,187141.0,37797.0,37057.0,43877.0,43772.0,47064.0,163889,171211.0,201390.0,212414.0,255142.0,59950.0,63421.0,80184.0,89960.0,105140.0,201738.0,222739.0,218808,242981,264880,50286.0,38449.0,33694.0,30906.0,27348.0,98990.0,105532.0,112567.0,127306.0,158037.0,69203.0,75950.0,84805.0,89748.0,97991.0,363759,370572,391221,435036,485917,47276.0,56692.0,48608.0,46423.0,50004.0,247051,275418,286073.0,258599.0,338805.0,214344,248003,234511,241654,270544,126.0,401.0,169.0,362.0,97.0,0.24,0.24,0.24,0.52,0.41,227,236,245,255,266,1.88,1.87,1.84,1.72,1.94
1.0,12117,Seminole County,37.0,37.0,30.0,44.0,41.0,,,,,,0.0,624.0,615.0,606.0,614.0,16771,18648,18813,18681,19154,6036.0,6186.0,6217.0,6222.0,6175.0,7011.0,8046.0,7995.0,7441.0,6077.0,14029,15327.0,16658.0,18115.0,16641.0,3710.0,3881.0,3766.0,3730.0,3750.0,13182.0,13255.0,13853,14393,16002,5594.0,5666.0,5832.0,6295.0,6421.0,17812.0,18603.0,18017.0,16965.0,15273.0,3094.0,2758.0,2749.0,2963.0,2849.0,20299,20519,21443,21362,21350,2758.0,2201.0,2315.0,2671.0,2428.0,17410,18721,18877.0,19223.0,17413.0,9742,9953,9998,10150,9489,1.0,6.0,24.0,5.0,20.0,9.0,9.0,10.0,11.0,8.0,,,,,,34.0,19.0,17.0,18.0,24.0,1536,1619,1659,1669,1735,732.0,719.0,684.0,671.0,670.0,278.0,285.0,298.0,299.0,302.0,907,922.0,985.0,985.0,1032.0,845.0,866.0,890.0,946.0,994.0,2050.0,2066.0,2072,2154,2224,110.0,102.0,101.0,101.0,105.0,997.0,990.0,1009.0,1002.0,1041.0,213.0,221.0,223.0,220.0,241.0,1405,1431,1461,1488,1543,207.0,222.0,233.0,251.0,269.0,860,900,934.0,939.0,966.0,1118,1099,1118,1158,1184,6.0,14.0,10.0,17.0,17.0,894.44,894.42,894.43,894.38,894.38,28.72,28.72,28.72,28.72,28.72,-81.24,-81.24,-81.24,-81.24,-81.24,2453.0,2181.0,2047.0,2344.0,2176.0,,,,,,0.0,57968.0,60209.0,60468.0,60962.0,865937,976921,1034164,1071076,1177508,367112.0,395733.0,407748.0,412868.0,441773.0,559732.0,660589.0,655217.0,581952.0,543065.0,975499,1039954.0,1240770.0,1402649.0,1312464.0,155585.0,170366.0,175380.0,187021.0,204547.0,843045.0,884380.0,965758,1048696,1414039,497202.0,594167.0,630196.0,590186.0,679328.0,588476.0,675862.0,562107.0,577460.0,594508.0,92675.0,85413.0,91225.0,96143.0,100321.0,937959,968511,1031134,1014898,1116220,48820.0,53738.0,57194.0,52057.0,67213.0,301562,330805,335068.0,302231.0,364285.0,276126,287641,295453,281751,321039,93.0,232.0,243.0,299.0,553.0,8.89,9.83,9.15,9.88,10.09,449,455,461,467,467,2.16,2.13,2.19,2.25,2.29
0.0,12086,Miami-Dade County,207.0,233.0,290.0,247.0,264.0,590.0,658.0,712.0,684.0,673.0,0.0,3569.0,3513.0,3033.0,3165.0,39446,40354,42201,43541,42983,70496.0,70530.0,69915.0,69341.0,66375.0,22139.0,23359.0,24175.0,24317.0,23947.0,49851,49902.0,48733.0,48434.0,50450.0,25554.0,27577.0,26976.0,24528.0,24070.0,70940.0,74608.0,73675,77725,78544,22810.0,23187.0,18503.0,20237.0,18302.0,65597.0,70624.0,68017.0,69070.0,65686.0,36666.0,37039.0,38085.0,38981.0,36266.0,145587,146279,145933,148685,148943,15785.0,17183.0,17129.0,16273.0,13436.0,133291,136303,134955.0,134235.0,110764.0,38884,38750,37935,37118,37877,85.0,66.0,91.0,147.0,208.0,38.0,43.0,41.0,44.0,50.0,22.0,25.0,23.0,16.0,19.0,48.0,55.0,56.0,56.0,64.0,5198,5565,5765,6093,6394,8875.0,8653.0,8476.0,8429.0,8505.0,1501.0,1530.0,1561.0,1609.0,1653.0,4657,4734.0,4824.0,5038.0,5270.0,6004.0,6191.0,6196.0,6473.0,6868.0,14081.0,14494.0,14770,15819,16690,358.0,356.0,350.0,358.0,358.0,4134.0,4201.0,4270.0,4456.0,4632.0,1093.0,1108.0,1117.0,1187.0,1212.0,9176,9410,9511,10006,10730,1214.0,1246.0,1270.0,1390.0,1451.0,5684,5826,5921.0,6034.0,6252.0,6125,6169,6205,6587,6892,61.0,104.0,121.0,150.0,136.0,5230.08,5230.08,5230.14,5227.96,5230.16,25.64,25.64,25.64,25.64,25.64,-80.5,-80.5,-80.5,-80.5,-80.5,5721.0,7113.0,7464.0,8294.0,7986.0,45809.0,51800.0,59688.0,59368.0,62901.0,0.0,388630.0,396376.0,348021.0,356561.0,1891205,2022755,2187813,2239943,2319204,3961867.0,4159069.0,4260866.0,4201563.0,4489306.0,1893065.0,1965041.0,2156869.0,2302888.0,2649405.0,4928691,5233014.0,5347332.0,5443675.0,6377570.0,1221083.0,1425193.0,1438507.0,1317265.0,1558005.0,5460056.0,5958569.0,6180832,6559236,7403009,1890006.0,1810870.0,1978147.0,1856644.0,2009303.0,2261526.0,2488827.0,2496590.0,2411861.0,2708370.0,1804994.0,1867068.0,1994801.0,2018532.0,2174923.0,7323838,7553204,7883899,8019174,8904684,1016817.0,1038657.0,1047841.0,988893.0,1033841.0,3101971,3345594,3429486.0,2534504.0,3323855.0,1127693,1172131,1194116,1150168,1360195,1308.0,2580.0,3085.0,5531.0,9715.0,11.83,11.83,11.98,11.71,11.96,2703,2716,2699,2706,2690,5.44,5.47,5.5,5.79,5.65
1.0,12005,Bay County,145.0,132.0,123.0,143.0,148.0,,,,25.0,,307.0,287.0,292.0,275.0,266.0,3398,3673,4292,4627,4658,1970.0,1968.0,1998.0,2036.0,1959.0,1037.0,915.0,713.0,650.0,669.0,1514,1468.0,1571.0,1590.0,1542.0,1148.0,1191.0,1187.0,1279.0,1221.0,7672.0,6827.0,4610,3714,3623,394.0,388.0,274.0,290.0,223.0,2175.0,2583.0,3053.0,3517.0,3540.0,419.0,377.0,368.0,374.0,385.0,10286,10285,9699,10383,8506,891.0,1151.0,873.0,974.0,930.0,11721,11788,11262.0,11363.0,10507.0,2856,2771,2358,2473,2378,1.0,2.0,4.0,2.0,,16.0,14.0,15.0,16.0,14.0,,,,3.0,,9.0,8.0,8.0,10.0,10.0,480,512,611,635,651,180.0,174.0,176.0,182.0,173.0,71.0,78.0,69.0,70.0,76.0,244,234.0,241.0,243.0,243.0,308.0,309.0,317.0,330.0,361.0,469.0,457.0,452,475,490,19.0,18.0,18.0,18.0,17.0,232.0,252.0,262.0,279.0,309.0,36.0,33.0,29.0,30.0,35.0,550,542,540,538,561,70.0,77.0,70.0,79.0,81.0,514,527,507.0,518.0,535.0,435,422,392,397,419,3.0,3.0,3.0,6.0,,2285.34,2285.57,2285.25,2285.57,2285.7,30.25,30.25,30.25,30.25,30.25,-85.66,-85.66,-85.66,-85.66,-85.66,5912.0,6268.0,7574.0,7527.0,7232.0,,,,681.0,,26504.0,25825.0,26145.0,26668.0,26808.0,150081,155215,202903,221676,236430,96657.0,100035.0,106617.0,110194.0,115303.0,66372.0,59946.0,46864.0,41425.0,43986.0,93786,90285.0,106037.0,109976.0,112536.0,38776.0,41514.0,44954.0,48630.0,57609.0,268360.0,251362.0,268947,224971,231445,29666.0,27237.0,25379.0,22551.0,20600.0,65956.0,81815.0,92466.0,101979.0,108032.0,9793.0,9561.0,10311.0,10750.0,11605.0,488596,480151,517022,537865,488635,18988.0,24145.0,23778.0,22346.0,26831.0,230742,235896,258133.0,231287.0,264695.0,64579,63464,66042,67917,75901,54.0,16.0,24.0,189.0,,0.2,0.25,0.31,0.21,0.21,180,182,182,180,181,1.61,1.63,1.62,1.72,1.71
1.0,12035,Flagler County,,,,,,,,,,,,,,,52.0,1207,1318,1351,1510,1692,317.0,314.0,316.0,321.0,342.0,210.0,242.0,197.0,209.0,165.0,653,562.0,564.0,599.0,623.0,421.0,410.0,509.0,512.0,557.0,583.0,640.0,705,1145,1441,64.0,29.0,24.0,,,1567.0,1465.0,1549.0,1694.0,1560.0,160.0,187.0,172.0,192.0,204.0,3799,3431,3298,3230,3671,430.0,405.0,395.0,421.0,374.0,3546,3748,3849.0,3768.0,3366.0,1082,1222,1247,1210,1184,,16.0,3.0,7.0,4.0,,,,,,,,,,,,,,,3.0,324,335,355,367,382,65.0,66.0,65.0,65.0,65.0,29.0,31.0,31.0,29.0,33.0,121,125.0,120.0,130.0,135.0,167.0,171.0,194.0,202.0,220.0,223.0,221.0,218,226,265,4.0,3.0,3.0,,,185.0,193.0,181.0,189.0,200.0,21.0,20.0,17.0,22.0,26.0,228,236,233,249,266,34.0,37.0,35.0,36.0,38.0,179,182,181.0,183.0,184.0,205,214,222,237,241,,4.0,3.0,3.0,6.0,1314.2,1314.17,1314.17,1314.54,1314.34,29.48,29.48,29.48,29.48,29.48,-81.29,-81.29,-81.29,-81.29,-81.29,,,,,,,,,,,,,,,6131.0,37158,42834,47871,56919,63262,15977.0,15399.0,16119.0,17965.0,21026.0,10226.0,10987.0,10907.0,9796.0,10747.0,34613,29415.0,30390.0,35177.0,40768.0,16053.0,17000.0,20367.0,22122.0,28885.0,31814.0,36351.0,40246,68867,94266,7288.0,5167.0,6212.0,,,49627.0,52127.0,57638.0,57640.0,61708.0,4174.0,4603.0,4422.0,5378.0,6310.0,170159,149868,147873,149315,189736,8742.0,8965.0,9850.0,8634.0,10002.0,63543,66980,72493.0,52746.0,67879.0,26793,29743,31444,30008,33228,,104.0,75.0,222.0,75.0,0.32,0.0,0.0,0.0,0.0,105,107,110,113,114,1.58,0.0,0.0,0.0,0.0
1.0,12037,Franklin County,,14.0,17.0,28.0,21.0,,,,,,,,,,,97,101,134,160,166,152.0,132.0,131.0,127.0,133.0,63.0,70.0,30.0,32.0,28.0,56,64.0,47.0,42.0,48.0,89.0,88.0,86.0,101.0,91.0,63.0,71.0,79,73,65,,,,,,52.0,47.0,43.0,45.0,43.0,0.0,,,,,270,253,244,268,254,49.0,140.0,89.0,91.0,100.0,588,620,551.0,593.0,613.0,100,96,117,120,105,,,,,,,3.0,3.0,3.0,3.0,,,,,,,,,,,29,31,36,33,33,9.0,10.0,10.0,10.0,11.0,9.0,9.0,8.0,8.0,8.0,9,10.0,10.0,9.0,10.0,18.0,19.0,20.0,23.0,20.0,23.0,24.0,26,25,25,,,,,,9.0,5.0,7.0,6.0,7.0,3.0,,,,,20,22,22,19,20,13.0,14.0,13.0,13.0,16.0,46,48,48.0,41.0,44.0,34,36,36,32,33,,,,,,1468.49,1469.17,1469.17,1467.72,1469.18,33.2,33.2,33.2,33.2,33.2,-95.22,-95.22,-95.22,-95.22,-95.22,,754.0,1133.0,1054.0,947.0,,,,,,,,,,,3147,3115,4554,5515,5465,5332.0,5335.0,5711.0,6119.0,6686.0,2152.0,1833.0,1458.0,1369.0,1082.0,2236,2527.0,1757.0,1685.0,1557.0,2979.0,3140.0,3169.0,3541.0,3927.0,3113.0,3519.0,3586,3612,3625,,,,,,1351.0,1181.0,1213.0,1168.0,1278.0,0.0,,,,,10872,10497,10674,10571,10593,1141.0,1963.0,1901.0,2017.0,1752.0,14840,15186,15617.0,15351.0,19206.0,2482,2355,2945,2802,2984,,,,,,0.0,0.0,0.0,0.0,0.0,12,12,12,12,12,0.0,0.0,0.0,0.0,0.0
1.0,12045,Gulf County,29.0,27.0,27.0,26.0,19.0,,,,,,69.0,67.0,73.0,73.0,75.0,169,145,183,262,301,15.0,25.0,22.0,27.0,49.0,0.0,41.0,43.0,41.0,40.0,93,111.0,100.0,97.0,85.0,47.0,56.0,67.0,72.0,96.0,175.0,96.0,85,108,139,,,,,,48.0,61.0,54.0,54.0,48.0,,,,,,338,235,212,210,216,0.0,484.0,22.0,,,414,430,268.0,317.0,388.0,133,136,135,144,152,,,2.0,6.0,,4.0,4.0,4.0,4.0,3.0,,,,,,7.0,5.0,5.0,5.0,4.0,42,46,54,65,69,7.0,6.0,6.0,6.0,7.0,7.0,8.0,8.0,9.0,9.0,13,13.0,13.0,13.0,12.0,14.0,17.0,22.0,28.0,34.0,30.0,28.0,24,26,27,,,,,,12.0,15.0,17.0,15.0,14.0,,,,,,26,24,23,24,23,3.0,4.0,3.0,,,36,34,30.0,36.0,36.0,30,30,34,33,35,,,3.0,3.0,,1476.96,1476.94,1476.94,1471.29,1477.76,29.97,29.97,29.97,29.97,29.97,-85.22,-85.22,-85.22,-85.22,-85.22,1540.0,1448.0,1432.0,1349.0,1245.0,,,,,,4735.0,5070.0,5083.0,5444.0,5514.0,5257,5299,7620,10188,11164,512.0,629.0,741.0,869.0,1167.0,0.0,2387.0,2183.0,2097.0,2162.0,4071,4686.0,4815.0,4931.0,4752.0,1879.0,1981.0,2392.0,3077.0,3960.0,6760.0,4379.0,4693,6794,8175,,,,,,979.0,1217.0,1330.0,1292.0,1186.0,,,,,,7060,5939,6015,6277,6787,0.0,16420.0,157.0,,,8013,7582,5953.0,6637.0,9480.0,2571,2697,2953,3113,3232,,,48.0,76.0,,0.0,0.0,0.0,0.0,0.0,16,16,16,15,15,0.0,0.0,0.0,0.0,0.0
0.0,12047,Hamilton County,19.0,18.0,21.0,19.0,23.0,,,,,,,,,,,132,99,57,42,42,,11.0,,9.0,,,,,,,15,18.0,20.0,19.0,24.0,21.0,17.0,20.0,18.0,15.0,45.0,44.0,49,49,48,,,,,,18.0,14.0,13.0,13.0,,24.0,28.0,27.0,33.0,33.0,198,209,218,225,207,,,,,,154,142,162.0,143.0,130.0,50,39,34,47,50,,,,,,5.0,4.0,5.0,4.0,4.0,,,,,,,,,,,13,17,19,17,16,,3.0,,3.0,,,,,,,7,7.0,7.0,7.0,8.0,7.0,6.0,6.0,5.0,6.0,12.0,12.0,11,10,14,,,,,,5.0,4.0,5.0,3.0,,4.0,4.0,4.0,5.0,4.0,19,16,18,19,19,,,,,,14,14,13.0,12.0,11.0,18,18,17,20,22,,,,,,1344.08,1344.07,1344.09,1343.98,1344.06,31.64,31.64,31.64,31.64,31.64,-97.97,-97.97,-97.97,-97.97,-97.97,879.0,960.0,1084.0,1138.0,1157.0,,,,,,,,,,,3712,3207,1646,1201,1511,,426.0,,364.0,,,,,,,473,889.0,730.0,669.0,625.0,343.0,362.0,387.0,343.0,254.0,1491.0,3387.0,1687,1573,1750,,,,,,589.0,485.0,416.0,345.0,,382.0,441.0,522.0,674.0,772.0,5677,5930,6455,6246,6251,,,,,,2010,2100,2357.0,1927.0,2254.0,808,782,815,1187,1086,,,,,,0.0,0.0,0.0,0.0,0.0,14,14,14,14,14,0.0,0.0,0.0,0.0,0.0
1.0,12077,Liberty County,100.0,108.0,116.0,105.0,103.0,,,,,,,,,,,15,14,22,27,60,4.0,6.0,,,8.0,,,,,,8,,,,,,,,,,,,20,19,27,,,,,,26.0,22.0,7.0,6.0,3.0,,,,,,58,49,263,267,261,,,,,,48,44,,,,27,33,28,27,27,,,,,,15.0,11.0,10.0,11.0,10.0,,,,,,,,,,,9,7,9,13,18,3.0,3.0,,,3.0,,,,,,3,,,,,,,,,,,,3,3,3,,,,,,4.0,5.0,4.0,3.0,4.0,,,,,,8,7,11,11,10,,,,,,4,4,,,,10,10,10,9,10,,,,,,2183.84,2183.16,2183.16,2183.5,2183.16,30.09,30.09,30.09,30.09,30.09,-94.79,-94.79,-94.79,-94.79,-94.79,3806.0,4123.0,4289.0,3843.0,3925.0,,,,,,,,,,,548,437,638,1358,2106,240.0,172.0,,,372.0,,,,,,217,,,,,,,,,,,,948,1192,1089,,,,,,1453.0,1215.0,237.0,141.0,167.0,,,,,,1518,1251,8532,8728,10039,,,,,,626,472,,,,678,733,777,771,727,,,,,,0.0,0.0,0.0,0.0,0.0,8,8,8,8,8,0.0,0.0,0.0,0.0,0.0
1.0,12097,Osceola County,11.0,5.0,8.0,9.0,19.0,0.0,76.0,,,,51.0,61.0,61.0,61.0,61.0,6233,6930,6847,7268,7288,2002.0,2262.0,2246.0,2245.0,2608.0,634.0,823.0,972.0,915.0,745.0,1229,1246.0,1398.0,1443.0,1414.0,4135.0,4183.0,4788.0,4914.0,4931.0,1922.0,2006.0,1949,2226,2177,135.0,170.0,193.0,147.0,120.0,4311.0,4383.0,4594.0,4712.0,4289.0,1098.0,1272.0,1453.0,1537.0,1538.0,12726,12999,13319,14151,13763,5570.0,5538.0,5558.0,5562.0,5526.0,18730,20007,20344.0,20829.0,16818.0,3092,3309,3349,3378,3086,0.0,8.0,1.0,4.0,6.0,6.0,6.0,6.0,8.0,7.0,4.0,3.0,,,,10.0,7.0,8.0,7.0,8.0,760,844,910,930,1016,166.0,163.0,168.0,165.0,193.0,105.0,115.0,119.0,125.0,116.0,252,260.0,286.0,313.0,319.0,580.0,619.0,640.0,639.0,701.0,526.0,533.0,549,595,649,13.0,12.0,13.0,14.0,15.0,485.0,474.0,491.0,551.0,587.0,86.0,90.0,95.0,110.0,121.0,668,705,734,760,820,97.0,99.0,96.0,106.0,109.0,677,724,773.0,789.0,806.0,540,571,583,600,664,5.0,10.0,7.0,8.0,11.0,3901.21,3901.24,3901.18,3900.6,3900.98,28.04,28.04,28.04,28.04,28.04,-81.14,-81.14,-81.14,-81.14,-81.14,599.0,245.0,294.0,539.0,785.0,0.0,3558.0,,,,4472.0,5001.0,5150.0,5297.0,5506.0,266743,297735,320463,284502,301975,90574.0,103550.0,104532.0,101302.0,114786.0,27598.0,32706.0,37021.0,38065.0,37451.0,61348,64740.0,76086.0,75363.0,79229.0,140896.0,142862.0,164490.0,155490.0,180021.0,83901.0,87801.0,94194,104533,111466,8098.0,12280.0,14026.0,9292.0,9360.0,93312.0,93704.0,104981.0,105773.0,127573.0,31859.0,34382.0,39970.0,41428.0,45001.0,663838,682743,716523,748267,851598,136786.0,141268.0,144312.0,147107.0,156469.0,395047,452277,463063.0,353040.0,424484.0,79197,90932,95058,93676,102714,0.0,326.0,70.0,94.0,135.0,1.15,1.03,1.19,1.65,1.79,325,339,352,364,380,2.13,2.33,2.22,2.57,2.56
1.0,12119,Sumter County,0.0,18.0,28.0,21.0,28.0,83.0,66.0,74.0,87.0,83.0,569.0,617.0,626.0,602.0,680.0,3240,3184,3701,3750,3843,599.0,554.0,538.0,550.0,567.0,89.0,101.0,157.0,106.0,96.0,622,631.0,672.0,786.0,1014.0,631.0,636.0,2158.0,2584.0,2348.0,760.0,755.0,666,665,714,0.0,84.0,95.0,4.0,,1077.0,1164.0,1325.0,1326.0,1310.0,0.0,540.0,559.0,618.0,590.0,4563,4804,5118,5360,6010,186.0,248.0,223.0,235.0,176.0,3565,3473,3987.0,4337.0,3740.0,644,710,741,759,711,,,,0.0,3.0,3.0,4.0,4.0,4.0,5.0,5.0,4.0,4.0,4.0,4.0,10.0,8.0,8.0,9.0,9.0,148,154,164,163,171,57.0,62.0,58.0,60.0,62.0,15.0,14.0,12.0,14.0,19.0,103,106.0,113.0,120.0,133.0,137.0,151.0,172.0,176.0,191.0,160.0,159.0,152,165,175,5.0,4.0,5.0,3.0,,97.0,100.0,101.0,110.0,121.0,9.0,10.0,12.0,11.0,18.0,203,221,235,232,254,22.0,21.0,21.0,22.0,25.0,140,139,145.0,150.0,167.0,136,129,132,127,137,,,,3.0,5.0,1502.12,1502.09,1502.06,1501.97,1502.06,28.67,28.67,28.67,28.67,28.67,-82.08,-82.08,-82.08,-82.08,-82.08,0.0,746.0,833.0,821.0,870.0,3898.0,3978.0,4131.0,5237.0,5858.0,56888.0,56049.0,57500.0,56558.0,60484.0,143004,153173,175126,192380,228437,23109.0,25102.0,26346.0,26502.0,30184.0,4062.0,4260.0,4798.0,4758.0,5229.0,44565,44649.0,48982.0,56593.0,79602.0,18310.0,19520.0,55726.0,62303.0,71682.0,38462.0,40318.0,36284,37342,44704,0.0,10099.0,11045.0,191.0,,36281.0,39031.0,46672.0,49456.0,52168.0,0.0,16451.0,18844.0,17173.0,19793.0,218130,233476,244483,260980,321242,3461.0,3730.0,4102.0,3265.0,3756.0,59793,62516,70949.0,67453.0,83177.0,17341,19017,20377,19572,22175,,,,141.0,137.0,0.0,0.0,0.0,0.31,0.31,117,121,125,130,127,0.0,0.0,0.0,2.17,1.83
1.0,12131,Walton County,30.0,27.0,22.0,20.0,24.0,0.0,11.0,21.0,18.0,22.0,300.0,294.0,293.0,308.0,314.0,2123,2113,2375,2562,2850,868.0,663.0,663.0,701.0,729.0,157.0,220.0,187.0,226.0,224.0,413,415.0,475.0,456.0,533.0,1247.0,1375.0,1407.0,1443.0,1656.0,656.0,716.0,753,820,941,15.0,14.0,5.0,5.0,5.0,1222.0,1265.0,1395.0,1376.0,1411.0,118.0,134.0,129.0,149.0,175.0,1932,1960,2018,2076,2241,148.0,232.0,238.0,245.0,252.0,6331,5941,6356.0,6494.0,6192.0,815,831,841,820,871,,10.0,1.0,3.0,0.0,8.0,9.0,6.0,6.0,7.0,3.0,3.0,5.0,5.0,6.0,15.0,16.0,16.0,15.0,16.0,336,348,383,400,429,65.0,61.0,62.0,73.0,80.0,33.0,35.0,36.0,37.0,41.0,94,101.0,107.0,117.0,141.0,302.0,328.0,358.0,396.0,457.0,266.0,268.0,287,303,330,3.0,4.0,3.0,4.0,5.0,137.0,154.0,166.0,188.0,195.0,11.0,11.0,12.0,13.0,17.0,135,136,153,157,166,29.0,32.0,39.0,42.0,44.0,236,235,256.0,271.0,286.0,169,171,177,198,206,,5.0,3.0,3.0,4.0,2973.46,2973.06,2973.07,2972.45,2972.83,30.62,30.62,30.62,30.62,30.62,-86.19,-86.19,-86.19,-86.19,-86.19,867.0,1009.0,830.0,918.0,901.0,0.0,610.0,885.0,1067.0,1262.0,16958.0,17822.0,14956.0,19407.0,20369.0,92943,88766,108549,114358,146079,34874.0,36002.0,38031.0,40470.0,44299.0,6090.0,7069.0,7917.0,13745.0,17821.0,28445,28432.0,35964.0,39443.0,59740.0,52280.0,62465.0,63663.0,74432.0,95547.0,33718.0,36510.0,42300,49174,59360,1153.0,1839.0,590.0,557.0,816.0,46909.0,50467.0,60231.0,61488.0,64456.0,3775.0,4097.0,4438.0,5083.0,6495.0,98521,103685,105192,113994,120613,4639.0,6232.0,6342.0,6478.0,7241.0,152586,159497,167699.0,166422.0,209055.0,23151,24837,26176,26373,31174,,865.0,67.0,35.0,118.0,0.0,0.0,0.0,0.0,0.0,63,66,68,71,73,0.0,0.0,0.0,0.0,0.0
1.0,12039,Gadsden County,4.0,5.0,5.0,4.0,5.0,,,,,,0.0,142.0,128.0,,,691,730,722,723,725,729.0,735.0,710.0,686.0,812.0,95.0,100.0,103.0,41.0,54.0,128,126.0,114.0,107.0,85.0,41.0,59.0,61.0,61.0,80.0,162.0,182.0,174,179,188,,,,,,654.0,606.0,661.0,715.0,716.0,92.0,88.0,130.0,119.0,115.0,1538,1551,1568,1528,1521,127.0,117.0,106.0,103.0,108.0,764,1079,1259.0,1302.0,1025.0,271,255,257,231,222,,6.0,3.0,4.0,5.0,3.0,3.0,4.0,5.0,5.0,,,,,,5.0,5.0,4.0,,,95,102,106,113,125,39.0,39.0,40.0,41.0,42.0,16.0,17.0,16.0,13.0,13.0,21,20.0,20.0,17.0,18.0,17.0,16.0,17.0,19.0,23.0,42.0,43.0,40,47,43,,,,,,37.0,39.0,41.0,38.0,48.0,12.0,9.0,8.0,8.0,10.0,56,56,62,62,69,6.0,6.0,5.0,5.0,5.0,50,57,60.0,58.0,59.0,78,78,74,75,75,,3.0,4.0,5.0,4.0,1369.08,1369.08,1369.08,1369.03,1369.07,30.59,30.59,30.59,30.59,30.59,-84.64,-84.64,-84.64,-84.64,-84.64,24.0,16.0,27.0,108.0,107.0,,,,,,0.0,10554.0,9451.0,,,35851,31552,32132,31980,35950,36320.0,39114.0,39844.0,39513.0,37385.0,6181.0,4892.0,2687.0,2175.0,2482.0,4881,4749.0,4181.0,3536.0,3503.0,1213.0,1699.0,1839.0,1809.0,2101.0,5518.0,6401.0,6412,7299,7162,,,,,,20607.0,19979.0,21904.0,23477.0,26019.0,2340.0,2555.0,2697.0,2907.0,3154.0,114437,118245,122620,123278,129106,2287.0,2210.0,1967.0,1979.0,2512.0,13768,20503,27349.0,25419.0,27647.0,5695,5901,5790,5077,5584,,124.0,140.0,185.0,178.0,0.0,0.0,0.0,0.0,0.0,46,46,46,46,44,0.0,0.0,0.0,0.0,0.0
1.0,12059,Holmes County,19.0,22.0,16.0,16.0,15.0,,,,,,,,,,,207,193,194,191,217,27.0,30.0,32.0,36.0,36.0,,,,,,44,45.0,43.0,35.0,42.0,14.0,18.0,18.0,12.0,12.0,46.0,45.0,48,55,48,,,,,,19.0,25.0,27.0,30.0,27.0,,,,,,515,510,542,535,560,,,,,,259,200,239.0,240.0,257.0,117,123,118,122,130,,,,,,6.0,5.0,5.0,4.0,5.0,,,,,,,,,,,42,45,47,49,51,7.0,9.0,7.0,8.0,7.0,,,,,,7,7.0,7.0,5.0,7.0,6.0,8.0,9.0,7.0,7.0,14.0,14.0,14,18,18,,,,,,9.0,14.0,15.0,13.0,11.0,,,,,,27,27,28,27,28,,,,,,21,20,17.0,19.0,21.0,39,43,41,43,48,,,,,,1266.72,1266.71,1266.72,1266.93,1266.73,30.89,30.89,30.89,30.89,30.89,-85.81,-85.81,-85.81,-85.81,-85.81,603.0,587.0,558.0,620.0,1005.0,,,,,,,,,,,7416,5855,6696,6801,6930,624.0,698.0,911.0,887.0,838.0,,,,,,1974,1919.0,1745.0,1410.0,1946.0,227.0,297.0,273.0,210.0,227.0,1659.0,1747.0,1925,3243,2014,,,,,,370.0,741.0,745.0,740.0,681.0,,,,,,14979,15739,16487,17647,20588,,,,,,3493,3175,3828.0,3918.0,4617.0,2282,2451,2442,2599,2892,,,,,,0.0,0.0,0.0,0.0,0.0,19,19,19,20,20,0.0,0.0,0.0,0.0,0.0
1.0,12065,Jefferson County,48.0,45.0,64.0,62.0,85.0,,,,,,0.0,46.0,45.0,46.0,45.0,124,137,156,155,195,40.0,44.0,39.0,43.0,44.0,,,,,,131,133.0,137.0,83.0,73.0,20.0,28.0,27.0,26.0,31.0,81.0,71.0,66,69,88,,,,,,46.0,38.0,53.0,54.0,53.0,0.0,62.0,,,,165,186,178,178,198,24.0,19.0,22.0,16.0,18.0,165,162,143.0,178.0,153.0,101,113,95,97,91,,,,,,8.0,10.0,10.0,10.0,9.0,,,,,,7.0,5.0,5.0,5.0,5.0,39,39,43,45,50,9.0,8.0,6.0,7.0,7.0,,,,,,12,14.0,15.0,15.0,15.0,7.0,7.0,6.0,6.0,9.0,21.0,21.0,20,21,27,,,,,,15.0,14.0,16.0,21.0,20.0,4.0,3.0,,,,21,21,18,20,20,4.0,4.0,4.0,5.0,5.0,20,20,19.0,17.0,22.0,27,28,29,31,34,,,,,,1587.2,1587.16,1587.17,1587.23,1587.14,29.83,29.83,29.83,29.83,29.83,-94.17,-94.17,-94.17,-94.17,-94.17,2576.0,3253.0,3366.0,3693.0,6177.0,,,,,,0.0,4611.0,4804.0,4826.0,4796.0,4402,4593,5160,6336,10968,2026.0,2395.0,2124.0,2293.0,2626.0,,,,,,6188,8909.0,4049.0,3289.0,3181.0,277.0,311.0,455.0,385.0,516.0,2389.0,2210.0,2466,2600,3236,,,,,,982.0,910.0,1101.0,990.0,1148.0,0.0,1333.0,,,,6170,5484,5451,5889,6470,314.0,265.0,262.0,283.0,306.0,2241,2153,2248.0,2383.0,2838.0,1818,1968,1893,1849,1898,,,,,,0.0,0.0,0.0,0.0,0.0,14,14,14,14,14,0.0,0.0,0.0,0.0,0.0
1.0,12071,Lee County,50.0,65.0,42.0,86.0,304.0,307.0,195.0,201.0,227.0,236.0,887.0,869.0,878.0,889.0,922.0,22340,23874,25381,25962,27223,6710.0,6810.0,7102.0,7354.0,7516.0,4280.0,4187.0,4491.0,4279.0,3448.0,6000,5808.0,6008.0,6061.0,6191.0,6065.0,6450.0,7517.0,7878.0,8369.0,11772.0,12756.0,13582,13990,14196,4254.0,4220.0,3741.0,3731.0,3167.0,15072.0,15984.0,17424.0,16890.0,17218.0,2876.0,2857.0,2869.0,3077.0,3079.0,37826,37144,38748,38416,39720,7048.0,7498.0,7619.0,7924.0,7055.0,31554,34143,35611.0,35376.0,31585.0,9616,9728,9917,9997,10010,14.0,7.0,12.0,9.0,38.0,18.0,18.0,15.0,17.0,21.0,9.0,8.0,8.0,10.0,9.0,30.0,31.0,32.0,33.0,37.0,2617,2779,2929,2989,3209,727.0,734.0,722.0,723.0,756.0,276.0,271.0,271.0,282.0,272.0,1088,1099.0,1099.0,1123.0,1142.0,1556.0,1640.0,1697.0,1766.0,1939.0,2207.0,2235.0,2260,2301,2442,91.0,90.0,86.0,81.0,89.0,1468.0,1506.0,1539.0,1607.0,1741.0,165.0,177.0,184.0,182.0,195.0,1710,1711,1745,1850,1985,305.0,316.0,325.0,345.0,353.0,1428,1461,1501.0,1505.0,1604.0,1700,1728,1753,1804,1879,14.0,9.0,18.0,18.0,22.0,2301.76,2301.73,2301.76,2294.81,2300.25,30.3,30.3,30.3,30.3,30.3,-96.96,-96.96,-96.96,-96.96,-96.96,1743.0,1873.0,1570.0,5087.0,8745.0,12492.0,12328.0,11824.0,15073.0,15106.0,78078.0,69975.0,70468.0,80549.0,83917.0,1043942,1172781,1259763,1339758,1471368,329678.0,367755.0,394314.0,425427.0,461876.0,227903.0,229144.0,245967.0,233870.0,215587.0,415477,411893.0,433538.0,468643.0,509860.0,362724.0,393000.0,465503.0,461288.0,546714.0,923082.0,1052269.0,1080612,1149335,1273706,303500.0,309975.0,287712.0,264596.0,263789.0,494627.0,504045.0,519530.0,532156.0,619025.0,90627.0,93757.0,101832.0,102489.0,108337.0,2135507,2168557,2263086,2338588,2570744,162617.0,179669.0,185550.0,181995.0,209259.0,586518,651020,690307.0,599039.0,756672.0,283007,301224,316123,307388,359137,148.0,237.0,229.0,638.0,761.0,2.81,2.71,3.07,3.27,3.1,700,719,737,757,752,2.12,2.13,2.14,2.19,2.13
0.0,12083,Marion County,377.0,354.0,390.0,339.0,416.0,73.0,76.0,69.0,64.0,65.0,176.0,178.0,186.0,183.0,182.0,4922,5356,5612,6016,6562,4142.0,4080.0,4345.0,4468.0,4435.0,1135.0,1175.0,1182.0,1017.0,845.0,2106,2082.0,1989.0,1993.0,2045.0,1613.0,1738.0,1643.0,1694.0,1843.0,4004.0,4193.0,2998,3285,2985,472.0,913.0,906.0,1109.0,1074.0,4757.0,4970.0,5464.0,5119.0,4758.0,1000.0,1030.0,1039.0,1105.0,1035.0,16024,15989,18251,16556,16320,1508.0,1583.0,1551.0,1700.0,1514.0,9602,9635,10002.0,10327.0,9548.0,3986,4230,4269,4340,4568,,2.0,5.0,8.0,4.0,67.0,63.0,71.0,77.0,81.0,7.0,7.0,6.0,6.0,6.0,10.0,9.0,9.0,10.0,9.0,817,831,873,901,993,328.0,321.0,324.0,313.0,328.0,97.0,106.0,107.0,107.0,109.0,378,362.0,363.0,366.0,380.0,412.0,430.0,442.0,471.0,507.0,694.0,691.0,682,723,740,27.0,27.0,26.0,27.0,25.0,476.0,493.0,489.0,516.0,540.0,49.0,58.0,61.0,58.0,60.0,914,913,947,944,970,102.0,106.0,113.0,115.0,122.0,517,516,532.0,530.0,533.0,706,721,736,724,750,,6.0,7.0,10.0,8.0,4306.39,4306.36,4306.3,4306.26,4306.34,32.79,32.79,32.79,32.79,32.79,-94.34,-94.34,-94.34,-94.34,-94.34,11704.0,12165.0,13163.0,14115.0,17036.0,4274.0,5253.0,4302.0,4382.0,4540.0,16349.0,16256.0,16909.0,17172.0,17941.0,206953,226796,248158,275753,316973,208054.0,223608.0,241760.0,258156.0,293522.0,51793.0,53291.0,53303.0,48819.0,46189.0,114359,112594.0,123344.0,129455.0,142218.0,48372.0,50327.0,54933.0,57676.0,69034.0,189029.0,207512.0,140663,166269,163554,25671.0,47909.0,49228.0,63412.0,61871.0,117133.0,124520.0,136296.0,143075.0,153910.0,28872.0,29035.0,31940.0,32879.0,36937.0,723537,781943,864063,781493,869949,32350.0,34621.0,35642.0,36549.0,42221.0,148953,160968,166642.0,157431.0,188595.0,100205,108479,119080,117860,143066,,93.0,122.0,169.0,356.0,0.07,0.07,0.02,0.08,0.11,344,348,354,360,370,2.16,2.39,2.46,1.88,1.79
1.0,12049,Hardee County,82.0,100.0,93.0,93.0,74.0,,,,,,142.0,149.0,149.0,147.0,151.0,175,156,244,285,334,173.0,174.0,199.0,201.0,211.0,45.0,47.0,39.0,41.0,41.0,246,250.0,262.0,258.0,279.0,39.0,44.0,41.0,118.0,125.0,57.0,59.0,80,80,77,,,,,,152.0,140.0,117.0,92.0,130.0,30.0,45.0,49.0,56.0,51.0,1135,1156,1026,1065,1004,65.0,64.0,46.0,24.0,432.0,446,865,860.0,868.0,557.0,166,148,127,139,125,,,,,,9.0,10.0,9.0,9.0,10.0,,,,,,4.0,4.0,3.0,4.0,4.0,26,28,28,32,32,20.0,22.0,18.0,18.0,17.0,9.0,9.0,9.0,9.0,9.0,17,17.0,16.0,17.0,15.0,18.0,19.0,20.0,24.0,22.0,19.0,21.0,22,22,21,,,,,,18.0,17.0,18.0,23.0,25.0,3.0,4.0,4.0,4.0,8.0,64,59,60,60,60,5.0,7.0,5.0,4.0,4.0,31,32,33.0,35.0,36.0,54,52,49,47,45,,,,,,1653.25,1652.94,1652.94,1652.96,1652.94,27.49,27.49,27.49,27.49,27.49,-81.82,-81.82,-81.82,-81.82,-81.82,3005.0,3474.0,3181.0,3065.0,3249.0,,,,,,13804.0,14611.0,14442.0,15269.0,15549.0,7366,6583,11438,13307,15019,7310.0,7351.0,9369.0,8406.0,8646.0,1352.0,1392.0,1100.0,1208.0,1211.0,11679,12204.0,13760.0,13550.0,15811.0,1028.0,1148.0,1241.0,8629.0,9162.0,1799.0,1844.0,2300,2873,2976,,,,,,4987.0,4250.0,4103.0,4059.0,4235.0,1168.0,1173.0,1177.0,1110.0,1285.0,37588,35135,36708,37544,30244,727.0,1279.0,1054.0,883.0,16694.0,5228,21011,21232.0,14553.0,14496.0,3682,3135,2981,3216,3127,,,,,,0.0,0.0,0.0,0.0,0.0,27,27,27,27,26,0.0,0.0,0.0,0.0,0.0
0.0,12021,Collier County,269.0,229.0,241.0,331.0,150.0,0.0,71.0,67.0,19.0,27.0,0.0,440.0,437.0,430.0,450.0,13777,14536,14416,14634,15107,3436.0,3572.0,3878.0,4234.0,4334.0,1952.0,1934.0,1793.0,1686.0,1233.0,4316,3948.0,4006.0,4189.0,4385.0,3623.0,3963.0,4065.0,4051.0,4522.0,5482.0,5425.0,5480,5468,6635,702.0,628.0,564.0,581.0,574.0,7529.0,8268.0,8222.0,8382.0,8516.0,2341.0,2274.0,2283.0,2209.0,2246.0,19544,19962,20517,21640,21789,7361.0,7396.0,7498.0,7660.0,7060.0,25352,24403,25865.0,25978.0,22764.0,7757,8209,8214,8722,8135,8.0,21.0,10.0,10.0,2.0,18.0,16.0,20.0,19.0,23.0,6.0,6.0,5.0,5.0,5.0,18.0,17.0,16.0,16.0,18.0,1582,1710,1754,1815,1902,367.0,370.0,370.0,379.0,391.0,155.0,156.0,161.0,164.0,167.0,660,677.0,693.0,699.0,760.0,1182.0,1228.0,1254.0,1327.0,1476.0,1613.0,1617.0,1636,1707,1804,35.0,35.0,35.0,34.0,34.0,981.0,1028.0,1070.0,1110.0,1151.0,110.0,114.0,117.0,126.0,141.0,1136,1151,1152,1203,1249,247.0,238.0,240.0,237.0,235.0,878,880,880.0,897.0,912.0,1132,1185,1223,1264,1302,8.0,14.0,15.0,10.0,8.0,5448.38,5448.82,5448.63,5448.37,5449.25,26.09,26.09,26.09,26.09,26.09,-81.38,-81.38,-81.38,-81.38,-81.38,4441.0,4680.0,5304.0,6425.0,5004.0,0.0,3045.0,3448.0,1938.0,2834.0,0.0,47096.0,49031.0,51417.0,50861.0,641305,718213,743282,772159,847499,295102.0,336270.0,409438.0,413440.0,506978.0,142772.0,148375.0,170624.0,162257.0,145870.0,501726,481816.0,464908.0,534138.0,681552.0,176082.0,196880.0,198506.0,214033.0,266239.0,401135.0,395461.0,414648,438631,583427,52130.0,50881.0,51808.0,57189.0,54374.0,282013.0,305834.0,312376.0,321460.0,359679.0,82122.0,77678.0,77739.0,75264.0,83967.0,984647,1044037,1124217,1188634,1317317,280411.0,293730.0,307775.0,300711.0,296622.0,561921,577698,628983.0,530968.0,639240.0,232115,251985,265739,272733,306256,431.0,408.0,279.0,253.0,226.0,0.58,0.61,0.68,0.72,0.58,357,364,371,379,373,2.59,2.65,2.53,2.86,2.9
0.0,12093,Okeechobee County,68.0,53.0,52.0,25.0,23.0,,,,,,0.0,24.0,24.0,22.0,24.0,462,519,529,531,541,243.0,274.0,263.0,208.0,256.0,92.0,84.0,94.0,92.0,79.0,201,192.0,193.0,201.0,193.0,99.0,99.0,106.0,90.0,124.0,252.0,248.0,231,207,218,,,,,,359.0,402.0,378.0,389.0,386.0,,,53.0,52.0,50.0,1473,1435,1462,1520,1408,299.0,306.0,303.0,294.0,287.0,818,925,986.0,993.0,978.0,398,413,430,383,403,,,,,,12.0,11.0,6.0,6.0,8.0,,,,,,3.0,3.0,3.0,3.0,4.0,106,114,117,117,128,30.0,30.0,30.0,30.0,26.0,13.0,13.0,10.0,14.0,12.0,37,36.0,34.0,35.0,37.0,35.0,41.0,40.0,42.0,49.0,57.0,61.0,58,60,61,,,,,,51.0,50.0,56.0,55.0,63.0,,,3.0,3.0,3.0,118,118,111,113,113,15.0,13.0,14.0,15.0,16.0,55,60,60.0,59.0,59.0,95,87,88,89,92,,,,,,2308.82,2308.92,2308.84,2308.98,2308.78,27.39,27.39,27.39,27.39,27.39,-80.89,-80.89,-80.89,-80.89,-80.89,2243.0,2107.0,1717.0,845.0,775.0,,,,,,0.0,2425.0,2395.0,2306.0,2342.0,17559,18603,19575,21040,22038,12527.0,11901.0,12375.0,9894.0,12286.0,3663.0,3612.0,3699.0,3627.0,3233.0,9571,8558.0,8870.0,9501.0,9660.0,2747.0,3596.0,3711.0,3918.0,4773.0,9143.0,8514.0,7834,8342,9307,,,,,,12527.0,13094.0,14061.0,15755.0,16281.0,,,1247.0,1264.0,1315.0,66917,71140,68766,70217,73331,9323.0,9604.0,10299.0,10453.0,10178.0,12922,15352,16047.0,14717.0,17384.0,12528,12477,12526,12035,11693,,,,,,0.0,0.0,0.0,0.0,0.0,40,41,41,42,40,0.0,0.0,0.0,0.0,0.0
1.0,12095,Orange County,154.0,156.0,146.0,143.0,152.0,4.0,7.0,5.0,39.0,26.0,641.0,736.0,956.0,1120.0,1376.0,32461,35766,38049,39241,38065,29524.0,32413.0,33398.0,34457.0,33604.0,19604.0,20433.0,20515.0,21925.0,21647.0,24332,24979.0,24408.0,24548.0,26220.0,21537.0,24890.0,24175.0,24590.0,22135.0,49162.0,58846.0,61170,61398,64674,27901.0,25308.0,27646.0,30979.0,25821.0,59333.0,58688.0,61338.0,60787.0,56135.0,15052.0,15006.0,14530.0,13885.0,13834.0,76543,79267,80527,85427,87173,65207.0,67443.0,67106.0,68375.0,58701.0,128213,128116,129091.0,129610.0,103784.0,37860,37573,37475,39640,35406,24.0,70.0,63.0,82.0,84.0,16.0,16.0,18.0,16.0,20.0,4.0,4.0,3.0,5.0,5.0,38.0,25.0,30.0,37.0,43.0,3437,3808,3909,3985,4124,1962.0,1968.0,1941.0,1958.0,1979.0,809.0,831.0,906.0,930.0,972.0,1976,1994.0,2083.0,2138.0,2268.0,2826.0,2974.0,3119.0,3317.0,3584.0,5666.0,5748.0,5871,6174,6491,366.0,345.0,370.0,372.0,389.0,2550.0,2591.0,2668.0,2773.0,2914.0,555.0,568.0,591.0,605.0,641.0,3570,3690,3789,3921,4119,736.0,777.0,810.0,846.0,892.0,3198,3396,3475.0,3495.0,3672.0,2965,2994,3013,3272,3408,29.0,52.0,66.0,81.0,56.0,2597.9,2597.89,2597.88,2598.97,2598.6,33.75,33.75,33.75,33.75,33.75,-117.87,-117.87,-117.87,-117.87,-117.87,6912.0,7412.0,8064.0,6819.0,5482.0,326.0,325.0,173.0,1693.0,1202.0,58515.0,60104.0,69300.0,76858.0,91178.0,1733919,1980655,2242672,2288296,2380259,1770173.0,2265739.0,2224572.0,2316198.0,2439465.0,1495901.0,1511205.0,1584525.0,1943796.0,1926863.0,1846578,1972349.0,2022316.0,2120773.0,2517367.0,1232865.0,1430727.0,1480876.0,1283849.0,1534823.0,3734511.0,4809292.0,5172142,5617805,6187193,2599297.0,2222342.0,2504833.0,2419772.0,2494025.0,2063811.0,2072229.0,2232754.0,2083798.0,2208351.0,611616.0,621640.0,647764.0,602070.0,677443.0,4091282,4296544,4740161,4939561,5452827,1786590.0,1883643.0,1967434.0,1867684.0,1991311.0,3089694,3113405,3286985.0,2597359.0,2954737.0,1206693,1170203,1224414,1202831,1362045,434.0,1567.0,1700.0,2039.0,2286.0,10.84,11.09,11.13,11.27,11.49,1290,1321,1350,1374,1410,2.31,2.33,2.36,2.98,3.05
1.0,12101,Pasco County,57.0,54.0,54.0,57.0,71.0,27.0,,,,,762.0,1045.0,1111.0,1136.0,1186.0,7385,7446,7949,8129,9227,2099.0,2880.0,2921.0,2726.0,2866.0,1152.0,1191.0,1316.0,1168.0,1193.0,2464,2358.0,2434.0,2520.0,2895.0,1706.0,1688.0,1759.0,1891.0,1988.0,4261.0,4405.0,4755,5148,5236,1120.0,376.0,1078.0,1184.0,1148.0,6863.0,6930.0,6549.0,6682.0,6846.0,2490.0,2945.0,3033.0,3162.0,2642.0,21653,22185,22046,23533,23633,1356.0,1467.0,1417.0,1471.0,1181.0,13025,13320,14216.0,14665.0,14091.0,4572,4637,4425,4460,4700,2.0,4.0,18.0,7.0,8.0,19.0,17.0,15.0,19.0,22.0,3.0,,,,,26.0,25.0,24.0,23.0,23.0,1121,1182,1195,1211,1302,361.0,359.0,356.0,355.0,368.0,134.0,140.0,155.0,161.0,157.0,531,540.0,556.0,579.0,594.0,564.0,598.0,617.0,668.0,735.0,1073.0,1116.0,1163,1202,1295,32.0,27.0,29.0,31.0,37.0,732.0,732.0,761.0,778.0,840.0,121.0,121.0,133.0,143.0,151.0,1313,1357,1359,1392,1486,130.0,137.0,148.0,149.0,157.0,651,707,748.0,779.0,823.0,883,856,877,917,968,4.0,9.0,7.0,8.0,16.0,1992.05,1992.06,1992.07,1985.72,1991.87,28.3,28.3,28.3,28.3,28.3,-82.45,-82.45,-82.45,-82.45,-82.45,2184.0,2330.0,2326.0,2387.0,2914.0,856.0,,,,,71596.0,71536.0,74070.0,79908.0,82714.0,293008,314655,355266,380076,471154,113236.0,175261.0,179495.0,160412.0,196317.0,59630.0,63418.0,62274.0,68284.0,81724.0,130074,126340.0,140989.0,150486.0,175300.0,54920.0,55103.0,61172.0,64701.0,78200.0,203288.0,216782.0,252381,274776,305402,77745.0,22815.0,67972.0,112926.0,132975.0,228013.0,223859.0,220060.0,236424.0,257291.0,93662.0,99862.0,97327.0,108394.0,111436.0,1046436,1113977,1156872,1212863,1359844,21172.0,23576.0,24997.0,21828.0,25751.0,207121,226563,239462.0,228004.0,275930.0,116742,116879,120222,119093,141647,53.0,120.0,231.0,570.0,665.0,2.4,2.58,2.54,2.65,2.45,498,511,525,540,552,2.04,2.04,2.08,2.19,2.23
1.0,12041,Gilchrist County,84.0,72.0,68.0,68.0,75.0,,,,,,0.0,36.0,37.0,36.0,37.0,111,137,163,244,321,79.0,75.0,79.0,88.0,68.0,20.0,15.0,8.0,8.0,10.0,39,41.0,41.0,44.0,42.0,7.0,6.0,12.0,11.0,7.0,41.0,42.0,41,43,44,,,,,,51.0,40.0,46.0,42.0,123.0,,,,,,619,567,601,606,586,0.0,,,,,248,278,269.0,370.0,331.0,74,102,102,121,104,,,,,,6.0,7.0,5.0,6.0,6.0,,,,,,6.0,4.0,4.0,4.0,4.0,43,44,46,49,51,14.0,15.0,15.0,16.0,14.0,5.0,3.0,3.0,3.0,3.0,11,11.0,11.0,12.0,10.0,5.0,8.0,10.0,8.0,7.0,17.0,18.0,20,21,23,,,,,,17.0,14.0,16.0,19.0,18.0,,,,,,21,20,19,20,23,3.0,,,,,21,20,21.0,22.0,22.0,23,23,22,23,27,,,,,,919.8,919.87,919.88,919.86,919.88,29.71,29.71,29.71,29.71,29.71,-82.8,-82.8,-82.8,-82.8,-82.8,2142.0,2273.0,2236.0,2424.0,2936.0,,,,,,0.0,2086.0,2201.0,2210.0,2241.0,4116,5356,6523,10499,14890,3361.0,3387.0,3736.0,3744.0,3237.0,776.0,498.0,449.0,390.0,260.0,1788,1557.0,1570.0,2632.0,2870.0,90.0,149.0,213.0,216.0,302.0,1387.0,1446.0,1559,1820,2325,,,,,,805.0,749.0,976.0,1862.0,2565.0,,,,,,25519,22671,24655,25871,28103,0.0,,,,,4702,4971,5324.0,6300.0,6627.0,1937,2957,3553,3937,3937,,,,,,0.0,0.0,0.0,0.0,0.0,17,18,18,18,18,0.0,0.0,0.0,0.0,0.0
1.0,12055,Highlands County,124.0,121.0,129.0,163.0,155.0,,,,,,95.0,96.0,94.0,92.0,92.0,913,1139,1161,1125,1250,431.0,469.0,425.0,472.0,484.0,246.0,234.0,206.0,206.0,181.0,498,450.0,453.0,511.0,499.0,302.0,282.0,247.0,288.0,267.0,760.0,763.0,727,679,674,107.0,122.0,22.0,25.0,23.0,1607.0,1623.0,1387.0,902.0,1353.0,220.0,253.0,286.0,298.0,277.0,5879,5640,5925,5879,5912,566.0,553.0,510.0,478.0,515.0,2483,2719,2699.0,2723.0,2553.0,981,959,995,980,923,,,,2.0,,17.0,20.0,18.0,19.0,21.0,,,,,,12.0,10.0,10.0,10.0,10.0,203,216,230,237,237,58.0,61.0,62.0,63.0,64.0,32.0,29.0,29.0,33.0,29.0,108,102.0,95.0,97.0,99.0,96.0,97.0,95.0,98.0,106.0,152.0,143.0,144,143,143,5.0,4.0,3.0,3.0,3.0,102.0,105.0,102.0,112.0,121.0,17.0,18.0,20.0,19.0,22.0,308,313,322,330,335,37.0,35.0,34.0,30.0,35.0,143,141,144.0,140.0,144.0,204,210,211,209,227,,,,3.0,,2864.16,2865.45,2865.4,2865.72,2865.11,27.35,27.35,27.35,27.35,27.35,-81.36,-81.36,-81.36,-81.36,-81.36,4660.0,4743.0,5793.0,6912.0,6895.0,,,,,,6594.0,6484.0,6610.0,6790.0,6839.0,31836,40119,41081,45664,48685,21698.0,22669.0,22179.0,24055.0,24682.0,10615.0,10262.0,9013.0,8937.0,10139.0,25885,23342.0,25150.0,27233.0,29238.0,8292.0,8459.0,8607.0,8986.0,9274.0,26319.0,24940.0,24497,24706,26973,6561.0,2970.0,879.0,944.0,924.0,38495.0,40143.0,38294.0,28532.0,44546.0,6903.0,7697.0,8100.0,8194.0,8669.0,281169,266819,279475,283952,318423,7682.0,8035.0,8335.0,7285.0,8356.0,36914,40818,41823.0,39910.0,47689.0,20469,21207,22693,21747,24603,,,,109.0,,0.05,0.09,0.03,0.07,0.03,100,102,103,105,101,1.87,1.76,1.84,1.93,1.81
1.0,12121,Suwannee County,117.0,75.0,85.0,78.0,71.0,22.0,20.0,23.0,24.0,26.0,144.0,147.0,271.0,249.0,166.0,434,475,523,544,616,301.0,240.0,254.0,237.0,300.0,92.0,104.0,103.0,102.0,78.0,125,125.0,146.0,148.0,122.0,61.0,85.0,83.0,79.0,72.0,155.0,154.0,172,178,203,75.0,75.0,76.0,58.0,53.0,203.0,207.0,209.0,201.0,211.0,6.0,16.0,25.0,26.0,23.0,1263,1451,1450,1345,1195,15.0,27.0,20.0,22.0,22.0,874,991,932.0,1056.0,1046.0,320,319,332,322,325,3.0,,1.0,3.0,,16.0,13.0,14.0,14.0,11.0,3.0,3.0,3.0,3.0,3.0,6.0,5.0,5.0,5.0,4.0,73,77,82,88,89,34.0,29.0,27.0,22.0,23.0,13.0,13.0,13.0,13.0,12.0,23,22.0,21.0,22.0,22.0,27.0,29.0,32.0,33.0,33.0,43.0,49.0,47,51,59,4.0,4.0,4.0,3.0,3.0,31.0,33.0,33.0,35.0,32.0,5.0,6.0,5.0,5.0,5.0,69,66,66,64,65,8.0,9.0,7.0,8.0,7.0,54,56,55.0,55.0,55.0,79,77,78,78,73,3.0,,3.0,4.0,,1792.9,1792.92,1792.88,1792.91,1792.88,30.21,30.21,30.21,30.21,30.21,-82.99,-82.99,-82.99,-82.99,-82.99,4119.0,3882.0,4219.0,4316.0,3535.0,1171.0,1046.0,1227.0,1332.0,1258.0,11250.0,11359.0,19065.0,17378.0,13505.0,15304,23294,23698,34467,36942,10750.0,9673.0,10601.0,10211.0,12023.0,4455.0,4255.0,4783.0,4571.0,4306.0,5359,6218.0,6897.0,7141.0,7084.0,1749.0,2179.0,2337.0,2347.0,2444.0,5372.0,5309.0,5439,6316,6649,4550.0,4439.0,3915.0,6023.0,3266.0,6513.0,7355.0,7175.0,7398.0,7976.0,281.0,512.0,555.0,624.0,669.0,43049,47543,47131,44408,42306,258.0,313.0,291.0,299.0,304.0,13092,13779,14238.0,14100.0,16644.0,8270,8596,10007,10594,9777,33.0,,141.0,66.0,,0.0,0.0,0.0,0.06,0.0,44,44,44,44,44,0.0,0.0,0.0,1.62,0.0
0.0,12001,Alachua County,115.0,89.0,94.0,55.0,53.0,,,,45.0,43.0,390.0,354.0,355.0,354.0,314.0,4456,4554,4747,5151,5348,2278.0,2661.0,2906.0,2894.0,3260.0,2015.0,2130.0,2024.0,2029.0,2007.0,4381,4429.0,4001.0,3942.0,3032.0,1913.0,1831.0,1965.0,1997.0,1763.0,5741.0,6271.0,6320,6035,6400,1072.0,1182.0,1202.0,1253.0,1202.0,4568.0,4896.0,4753.0,4600.0,4253.0,2190.0,2194.0,2329.0,2226.0,1992.0,25609,27214,28744,30395,29106,1250.0,1375.0,1254.0,1344.0,1116.0,12898,13169,13337.0,13916.0,11984.0,4732,4860,4955,4913,4513,1.0,10.0,3.0,4.0,8.0,16.0,14.0,17.0,16.0,15.0,,,,3.0,3.0,11.0,7.0,7.0,7.0,8.0,489,509,503,517,532,210.0,204.0,203.0,199.0,208.0,123.0,129.0,122.0,121.0,130.0,324,316.0,320.0,313.0,311.0,357.0,377.0,373.0,398.0,425.0,876.0,880.0,871,891,925,30.0,32.0,30.0,29.0,29.0,364.0,377.0,381.0,395.0,403.0,117.0,118.0,124.0,122.0,120.0,808,839,855,880,885,103.0,99.0,107.0,109.0,111.0,592,592,616.0,620.0,635.0,585,587,597,589,602,3.0,5.0,5.0,5.0,6.0,2509.38,2509.28,2509.3,2509.19,2509.29,29.68,29.68,29.68,29.68,29.68,-82.36,-82.36,-82.36,-82.36,-82.36,5234.0,5115.0,4863.0,4394.0,4610.0,,,,4071.0,3854.0,26164.0,28110.0,27014.0,30093.0,18890.0,192912,203649,227233,245658,276876,128252.0,185022.0,205664.0,222911.0,262876.0,139987.0,149393.0,142165.0,146854.0,156449.0,246445,272505.0,257857.0,257370.0,217811.0,69842.0,67852.0,77695.0,81945.0,84054.0,333092.0,374312.0,382412,389346,444209,90774.0,82165.0,90511.0,93901.0,104275.0,142743.0,144403.0,140602.0,167057.0,167744.0,55817.0,58202.0,62720.0,61531.0,63228.0,1461408,1546082,1656527,1719174,1782512,18183.0,18925.0,20020.0,18450.0,21628.0,205050,218278,232934.0,205192.0,248899.0,163751,171542,180464,177795,204599,52.0,113.0,195.0,327.0,556.0,1.01,1.13,1.33,1.21,1.25,260,263,265,268,276,3.35,3.25,3.06,3.51,3.59
1.0,12013,Calhoun County,47.0,40.0,33.0,35.0,43.0,,,,,,,,,,,125,152,135,125,126,20.0,19.0,49.0,33.0,21.0,24.0,22.0,20.0,21.0,19.0,59,63.0,59.0,61.0,57.0,9.0,8.0,6.0,5.0,4.0,5.0,9.0,10,20,13,,,,,,,,2.0,9.0,10.0,,,,,,652,606,623,550,557,,,,,,208,206,216.0,208.0,187.0,116,120,114,73,70,,,,,,13.0,10.0,8.0,8.0,9.0,,,,,,,,,,,24,27,31,30,27,6.0,5.0,6.0,6.0,7.0,7.0,9.0,8.0,8.0,7.0,12,12.0,11.0,11.0,10.0,4.0,4.0,4.0,4.0,4.0,6.0,7.0,6,7,8,,,,,,,,3.0,3.0,3.0,,,,,,22,24,26,25,26,,,,,,16,16,17.0,18.0,13.0,20,22,21,20,20,,,,,,1487.88,1487.9,1487.88,1487.44,1487.01,28.5,28.5,28.5,28.5,28.5,-96.67,-96.67,-96.67,-96.67,-96.67,1923.0,2096.0,1988.0,1884.0,2466.0,,,,,,,,,,,4126,4279,4306,4644,4791,695.0,1078.0,1428.0,1349.0,1141.0,1098.0,1224.0,1036.0,988.0,986.0,2353,2075.0,2022.0,2151.0,2346.0,200.0,220.0,206.0,109.0,161.0,201.0,206.0,207,1473,912,,,,,,,,176.0,275.0,239.0,,,,,,21281,23679,22100,20898,21734,,,,,,2655,2495,3103.0,2759.0,3102.0,2735,2958,3165,1932,1805,,,,,,0.0,0.0,0.0,0.0,0.0,14,14,14,14,14,0.0,0.0,0.0,0.0,0.0
1.0,12015,Charlotte County,6.0,3.0,5.0,5.0,3.0,58.0,65.0,69.0,79.0,91.0,79.0,85.0,83.0,82.0,80.0,2895,3097,3051,3227,3392,1084.0,1285.0,1166.0,1242.0,1223.0,449.0,514.0,482.0,502.0,443.0,1045,1020.0,1005.0,1053.0,999.0,987.0,1028.0,983.0,1081.0,1120.0,1328.0,1397.0,1481,1528,1451,127.0,115.0,189.0,178.0,254.0,1922.0,1685.0,1610.0,1594.0,1783.0,242.0,249.0,241.0,215.0,258.0,8835,8810,8836,8793,8411,870.0,912.0,845.0,834.0,788.0,6448,6190,6354.0,6130.0,5366.0,1851,1933,1975,1881,1920,,,,,,3.0,3.0,4.0,3.0,4.0,3.0,3.0,3.0,5.0,4.0,14.0,16.0,15.0,16.0,16.0,558,569,586,584,615,119.0,124.0,129.0,130.0,127.0,49.0,48.0,48.0,62.0,55.0,207,208.0,205.0,212.0,225.0,295.0,315.0,333.0,331.0,357.0,391.0,381.0,393,408,430,13.0,12.0,11.0,11.0,11.0,286.0,278.0,291.0,319.0,358.0,29.0,28.0,30.0,25.0,30.0,518,510,498,500,514,57.0,54.0,57.0,60.0,57.0,299,304,300.0,299.0,317.0,403,408,418,411,418,,,,,,1934.26,1934.23,1934.23,1923.4,1934.12,26.9,26.9,26.9,26.9,26.9,-81.92,-81.92,-81.92,-81.92,-81.92,130.0,139.0,172.0,154.0,198.0,2654.0,3333.0,3535.0,5298.0,4706.0,3623.0,4272.0,4406.0,4416.0,4841.0,118872,124742,137395,158192,171072,57003.0,64504.0,68948.0,67380.0,71573.0,19280.0,19880.0,20962.0,21726.0,19380.0,63336,62211.0,65061.0,71094.0,73186.0,31092.0,32985.0,34911.0,36088.0,44392.0,65232.0,71431.0,76069,75891,81940,7981.0,9100.0,11821.0,10462.0,20697.0,61442.0,53957.0,55644.0,58720.0,72964.0,5886.0,6035.0,5972.0,5408.0,8926.0,418057,446462,472250,468548,508337,13144.0,13712.0,13947.0,14131.0,13903.0,103327,105933,112477.0,101027.0,125221.0,51185,53362,55220,54805,61530,,,,,,0.2,0.23,0.27,0.54,0.27,173,177,181,186,185,1.77,1.89,1.81,1.68,1.78
1.0,12023,Columbia County,80.0,96.0,89.0,98.0,98.0,,,,,,63.0,65.0,66.0,70.0,68.0,2047,1954,1894,2075,2047,1007.0,1036.0,1031.0,1010.0,1074.0,157.0,160.0,147.0,136.0,120.0,533,448.0,439.0,477.0,442.0,159.0,149.0,171.0,157.0,158.0,596.0,631.0,652,622,581,62.0,56.0,75.0,54.0,135.0,1126.0,1250.0,1249.0,964.0,908.0,190.0,211.0,221.0,212.0,552.0,4506,4663,4533,4492,4420,82.0,82.0,82.0,76.0,96.0,2868,3049,2864.0,3334.0,3178.0,527,570,544,515,493,,4.0,2.0,7.0,1.0,13.0,13.0,13.0,12.0,13.0,,,,,,3.0,3.0,3.0,3.0,3.0,148,149,158,164,170,74.0,77.0,75.0,74.0,80.0,22.0,25.0,22.0,21.0,22.0,64,60.0,65.0,64.0,68.0,51.0,57.0,66.0,60.0,57.0,109.0,113.0,115,111,115,7.0,7.0,7.0,6.0,6.0,54.0,58.0,64.0,58.0,64.0,17.0,16.0,17.0,15.0,18.0,186,194,192,191,186,16.0,15.0,16.0,15.0,14.0,125,128,130.0,143.0,142.0,128,124,122,129,130,,3.0,3.0,5.0,3.0,2075.51,2075.53,2075.52,2075.42,2075.52,41.04,41.04,41.04,41.04,41.04,-76.42,-76.42,-76.42,-76.42,-76.42,2756.0,3074.0,2830.0,3211.0,3522.0,,,,,,5556.0,5897.0,6146.0,6276.0,6172.0,82439,79522,86804,95919,92838,50382.0,50398.0,54783.0,54155.0,60296.0,6612.0,7467.0,6786.0,6175.0,5698.0,25912,35809.0,26582.0,27836.0,30466.0,4886.0,5248.0,6415.0,6109.0,6061.0,27077.0,27064.0,30460,31782,30717,2700.0,2594.0,2515.0,2782.0,3109.0,27388.0,28763.0,31485.0,30173.0,29949.0,4882.0,5561.0,6415.0,6653.0,11849.0,256237,269314,274157,267710,278706,1168.0,1169.0,1611.0,1696.0,1955.0,43282,46396,46965.0,48468.0,56404.0,11723,12474,12194,12548,13556,,126.0,108.0,184.0,57.0,0.0,0.0,0.0,0.0,0.0,68,69,70,71,69,0.0,0.0,0.0,0.0,0.0
0.0,12029,Dixie County,84.0,87.0,88.0,72.0,70.0,,,,,,,,,,,42,62,96,81,97,0.0,9.0,5.0,6.0,9.0,6.0,3.0,6.0,6.0,4.0,29,34.0,33.0,23.0,28.0,,,,7.0,7.0,38.0,33.0,40,39,42,,,,,,36.0,39.0,21.0,37.0,44.0,,,,,,127,157,114,112,106,0.0,12.0,7.0,13.0,,150,134,118.0,184.0,207.0,91,102,109,119,108,,,,,,9.0,10.0,9.0,10.0,10.0,,,,,,,,,,,21,25,24,24,19,6.0,5.0,4.0,4.0,4.0,3.0,4.0,3.0,3.0,4.0,7,7.0,8.0,8.0,8.0,,,,4.0,6.0,16.0,11.0,13,17,15,,,,,,9.0,8.0,9.0,8.0,9.0,,,,,,11,12,12,10,11,4.0,3.0,4.0,3.0,,21,19,16.0,19.0,22.0,22,21,22,22,23,,,,,,1865.19,1865.2,1865.19,1861.5,1865.11,29.62,29.62,29.62,29.62,29.62,-83.17,-83.17,-83.17,-83.17,-83.17,3937.0,5423.0,4334.0,4235.0,3892.0,,,,,,,,,,,1721,2144,3933,2661,3143,0.0,157.0,153.0,166.0,183.0,61.0,95.0,149.0,167.0,237.0,1106,1196.0,1194.0,1082.0,1219.0,,,,113.0,202.0,905.0,796.0,1051,1270,1109,,,,,,584.0,737.0,787.0,858.0,1078.0,,,,,,3481,3716,3557,3534,4115,0.0,194.0,173.0,178.0,,1940,1951,1973.0,3091.0,3488.0,2383,2463,2605,2855,3318,,,,,,0.0,0.0,0.0,0.0,0.0,16,16,17,17,17,0.0,0.0,0.0,0.0,0.0
1.0,12085,Martin County,70.0,67.0,49.0,33.0,31.0,0.0,67.0,,,51.0,0.0,386.0,383.0,324.0,319.0,3794,4411,4715,4669,4720,1262.0,1292.0,1256.0,1306.0,1256.0,877.0,913.0,950.0,968.0,808.0,1960,1750.0,1764.0,1858.0,1971.0,1741.0,1635.0,1356.0,1263.0,1288.0,3739.0,3008.0,3102,3030,3043,268.0,223.0,236.0,219.0,287.0,4261.0,4624.0,4790.0,5310.0,5245.0,469.0,476.0,676.0,544.0,600.0,11074,11475,14093,14029,14349,2712.0,2760.0,2673.0,2596.0,2355.0,7292,7937,8230.0,8164.0,7631.0,2994,3124,3095,3157,3122,9.0,20.0,16.0,8.0,9.0,20.0,20.0,20.0,20.0,18.0,4.0,4.0,,,3.0,9.0,10.0,10.0,9.0,10.0,640,674,696,697,734,204.0,204.0,206.0,203.0,212.0,67.0,72.0,72.0,78.0,77.0,318,314.0,323.0,321.0,334.0,338.0,346.0,367.0,389.0,405.0,766.0,768.0,789,811,855,19.0,19.0,17.0,14.0,16.0,412.0,423.0,436.0,454.0,485.0,52.0,50.0,58.0,60.0,64.0,594,597,613,587,630,133.0,143.0,138.0,130.0,120.0,385,408,419.0,420.0,424.0,508,517,533,543,553,8.0,10.0,22.0,14.0,6.0,1756.6,1756.64,1756.64,1756.41,1756.64,32.27,32.27,32.27,32.27,32.27,-101.92,-101.92,-101.92,-101.92,-101.92,1871.0,1947.0,1381.0,1212.0,1287.0,0.0,3424.0,,,2063.0,0.0,40666.0,41956.0,36137.0,34743.0,173341,206771,214981,227526,247918,77885.0,82073.0,85844.0,91880.0,99773.0,50854.0,54496.0,64458.0,67928.0,56292.0,154610,145987.0,156610.0,170003.0,194105.0,67761.0,67092.0,62562.0,65038.0,77393.0,185125.0,176550.0,184797,192390,198801,25627.0,24270.0,26234.0,25550.0,23346.0,173907.0,177103.0,195994.0,209093.0,227931.0,17781.0,18916.0,25160.0,20554.0,22274.0,515870,538344,711482,681630,776234,75259.0,75746.0,76108.0,73656.0,78856.0,131772,142453,149992.0,137970.0,166449.0,86087,90509,95733,96588,110981,242.0,228.0,965.0,297.0,305.0,0.66,0.59,0.59,0.88,0.88,156,158,159,160,158,1.91,2.1,2.01,1.89,1.87
0.0,12107,Putnam County,175.0,164.0,153.0,149.0,137.0,0.0,17.0,10.0,19.0,23.0,353.0,344.0,328.0,323.0,315.0,809,949,924,1007,1057,141.0,155.0,143.0,163.0,176.0,125.0,143.0,148.0,141.0,126.0,403,301.0,299.0,288.0,279.0,118.0,125.0,128.0,119.0,146.0,261.0,242.0,240,244,307,112.0,,,,,460.0,293.0,319.0,333.0,437.0,103.0,88.0,92.0,91.0,95.0,2195,2283,2623,2698,2607,65.0,85.0,78.0,70.0,54.0,1481,1402,1497.0,1556.0,1637.0,706,707,759,737,731,,,,,,11.0,13.0,12.0,9.0,10.0,3.0,3.0,3.0,3.0,4.0,8.0,8.0,7.0,8.0,8.0,158,174,180,194,196,27.0,30.0,30.0,34.0,33.0,24.0,22.0,25.0,28.0,20.0,54,58.0,56.0,54.0,51.0,45.0,48.0,46.0,47.0,51.0,80.0,76.0,75,82,87,3.0,,,,,76.0,69.0,72.0,76.0,87.0,13.0,10.0,10.0,9.0,9.0,158,154,157,149,151,17.0,19.0,15.0,16.0,16.0,95,94,96.0,97.0,103.0,166,164,159,151,159,,,,,,2141.7,2141.67,2141.8,2141.72,2141.78,41.2,41.2,41.2,41.2,41.2,-89.27,-89.27,-89.27,-89.27,-89.27,5199.0,5292.0,5011.0,4771.0,5642.0,0.0,1210.0,876.0,1305.0,1466.0,32449.0,33555.0,33666.0,35421.0,33571.0,27368,32160,33042,36204,41821,5162.0,5749.0,6291.0,7170.0,7593.0,6199.0,6268.0,6611.0,6271.0,6207.0,12917,12673.0,13508.0,13874.0,14177.0,3216.0,3466.0,3918.0,3747.0,4297.0,7229.0,7405.0,8300,8782,11644,1724.0,,,,,11928.0,8714.0,10001.0,11270.0,16503.0,2380.0,2326.0,2513.0,3112.0,3790.0,82382,90338,100919,100124,110156,1135.0,1349.0,1102.0,1020.0,1170.0,22285,20632,22709.0,22233.0,26514.0,13900,14618,17103,17011,17983,,,,,,0.03,0.05,0.05,0.1,0.1,72,73,73,74,73,1.51,1.51,1.66,1.97,1.8
0.0,12115,Sarasota County,58.0,47.0,50.0,50.0,37.0,39.0,44.0,35.0,34.0,34.0,417.0,400.0,368.0,315.0,316.0,11426,11890,12570,12859,13495,4220.0,4228.0,4445.0,4410.0,4618.0,2739.0,2944.0,2912.0,2682.0,2222.0,5053,4977.0,4931.0,4955.0,5060.0,3432.0,3599.0,3595.0,3715.0,4196.0,11384.0,10151.0,9972,9393,10153,1963.0,2683.0,2250.0,2198.0,2259.0,10606.0,9611.0,9182.0,9288.0,9402.0,2208.0,2376.0,2464.0,2569.0,2513.0,28522,28720,29165,29008,29380,4282.0,4215.0,4257.0,4012.0,3388.0,19211,19682,20231.0,20384.0,18649.0,7259,7603,7736,7889,7555,7.0,5.0,18.0,29.0,19.0,13.0,11.0,10.0,11.0,11.0,6.0,6.0,4.0,4.0,4.0,17.0,16.0,15.0,16.0,19.0,1771,1860,1887,1902,1995,495.0,504.0,490.0,498.0,514.0,189.0,199.0,203.0,193.0,197.0,896,863.0,881.0,876.0,918.0,1019.0,1048.0,1079.0,1153.0,1285.0,1918.0,1928.0,1926,1932,2063,60.0,63.0,58.0,60.0,67.0,1107.0,1115.0,1191.0,1188.0,1224.0,146.0,158.0,170.0,173.0,181.0,1596,1602,1631,1659,1737,226.0,221.0,232.0,235.0,227.0,960,972,962.0,965.0,1017.0,1242,1277,1305,1323,1389,5.0,10.0,8.0,21.0,15.0,1568.5,1568.5,1568.57,1568.27,1568.5,27.18,27.18,27.18,27.18,27.18,-82.36,-82.36,-82.36,-82.36,-82.36,1744.0,1584.0,1627.0,1535.0,1417.0,2074.0,2612.0,1870.0,1898.0,2278.0,41458.0,43064.0,44292.0,34902.0,34233.0,560223,609267,663743,721073,761398,224235.0,233877.0,252948.0,252438.0,288055.0,186885.0,196126.0,200677.0,190036.0,189814.0,452988,497245.0,505396.0,534575.0,582457.0,157823.0,170036.0,177357.0,186349.0,222728.0,775868.0,607677.0,600072,613931,700130,262882.0,340386.0,332131.0,296523.0,246652.0,366446.0,351796.0,351488.0,351354.0,395898.0,76333.0,81110.0,85251.0,84948.0,93955.0,1452178,1520610,1599198,1620360,1740445,100426.0,104075.0,105024.0,96481.0,101776.0,367031,392695,420153.0,371324.0,483379.0,211655,225431,240256,241068,268203,179.0,250.0,1387.0,1200.0,2447.0,2.81,2.8,2.54,3.42,2.98,405,412,419,428,429,1.91,1.94,2.05,2.05,2.08
1.0,12125,Union County,32.0,32.0,35.0,40.0,36.0,,,,,,,,,,,192,166,174,204,159,30.0,30.0,35.0,39.0,41.0,,47.0,,,,17,16.0,17.0,10.0,12.0,15.0,15.0,16.0,21.0,20.0,4.0,5.0,2,10,7,,,,,,83.0,88.0,83.0,73.0,70.0,,,,,,328,343,319,328,300,,,,,,57,62,109.0,100.0,62.0,41,43,34,46,37,,,,,,3.0,3.0,3.0,3.0,3.0,,,,,,,,,,,25,22,22,22,25,6.0,6.0,6.0,4.0,6.0,,3.0,,,,5,4.0,4.0,4.0,3.0,5.0,4.0,5.0,6.0,6.0,5.0,4.0,5,6,5,,,,,,8.0,9.0,8.0,7.0,7.0,,,,,,10,10,9,11,11,,,,,,4,5,6.0,6.0,5.0,12,13,13,14,18,,,,,,647.07,647.07,647.07,646.85,647.07,37.46,37.46,37.46,37.46,37.46,-89.25,-89.25,-89.25,-89.25,-89.25,1755.0,1788.0,1952.0,2062.0,1735.0,,,,,,,,,,,5437,5730,6657,7198,7095,1605.0,1433.0,1451.0,1782.0,2001.0,,3366.0,,,,779,636.0,634.0,419.0,394.0,360.0,301.0,447.0,427.0,538.0,269.0,187.0,209,304,350,,,,,,2643.0,2815.0,2781.0,2900.0,4005.0,,,,,,12248,13152,12327,12438,13057,,,,,,884,951,1493.0,1450.0,1393.0,931,830,779,1096,1098,,,,,,0.0,0.0,0.0,0.0,0.0,15,15,15,15,16,0.0,0.0,0.0,0.0,0.0
1.0,12081,Manatee County,1610.0,1364.0,1292.0,1263.0,1217.0,,,,,,0.0,245.0,239.0,223.0,227.0,7811,8653,9105,9374,9231,3501.0,3973.0,4118.0,4090.0,3993.0,1433.0,1447.0,1356.0,1436.0,1517.0,3032,3076.0,3213.0,3380.0,3337.0,2084.0,2011.0,2084.0,2607.0,2788.0,5061.0,4949.0,5681,5862,5128,1856.0,2083.0,2170.0,2229.0,2114.0,7171.0,7342.0,8135.0,8091.0,8078.0,2352.0,2419.0,2477.0,2561.0,2477.0,16155,15779,16427,16521,15966,2094.0,2134.0,2249.0,2201.0,2653.0,13978,13748,13390.0,14688.0,13165.0,4161,4371,4376,4578,4505,12.0,15.0,12.0,13.0,13.0,22.0,21.0,21.0,27.0,27.0,,,,,,12.0,11.0,11.0,9.0,14.0,1114,1171,1224,1220,1295,418.0,423.0,409.0,412.0,428.0,105.0,108.0,116.0,128.0,133.0,526,515.0,521.0,545.0,563.0,631.0,668.0,694.0,738.0,826.0,1006.0,1045.0,1072,1127,1260,77.0,72.0,71.0,71.0,73.0,733.0,741.0,775.0,793.0,846.0,115.0,117.0,124.0,125.0,141.0,956,985,1008,1021,1084,150.0,156.0,156.0,159.0,178.0,681,664,665.0,670.0,711.0,835,846,843,892,919,5.0,10.0,9.0,8.0,10.0,2060.88,2060.83,2060.7,2060.73,2060.79,27.52,27.52,27.52,27.52,27.52,-82.38,-82.38,-82.38,-82.38,-82.38,34187.0,35746.0,32832.0,34556.0,36824.0,,,,,,0.0,25250.0,25987.0,25051.0,24717.0,359051,431106,451894,473676,510469,202472.0,227104.0,238481.0,233995.0,261481.0,80753.0,81006.0,82765.0,88132.0,107042.0,213928,228956.0,259538.0,293780.0,311970.0,91097.0,90841.0,96021.0,104267.0,138028.0,266696.0,255332.0,280094,303668,332875,166415.0,167523.0,156404.0,97548.0,124808.0,303516.0,288686.0,290025.0,358571.0,437475.0,81783.0,100376.0,102614.0,95935.0,108695.0,686852,719719,794140,777621,837073,58864.0,61712.0,57885.0,50656.0,107660.0,248767,249841,257376.0,246722.0,302458.0,110957,116544,123188,125608,144178,152.0,425.0,457.0,487.0,575.0,2.55,2.64,2.48,2.58,2.41,364,374,384,394,395,2.36,2.39,2.42,2.48,2.44
0.0,12017,Citrus County,24.0,26.0,26.0,33.0,27.0,0.0,42.0,170.0,40.0,42.0,789.0,864.0,873.0,817.0,812.0,1884,1981,2092,2139,2385,613.0,645.0,676.0,681.0,698.0,383.0,360.0,311.0,352.0,317.0,686,674.0,676.0,679.0,654.0,976.0,967.0,925.0,890.0,910.0,879.0,838.0,821,808,793,33.0,33.0,11.0,11.0,15.0,2019.0,1978.0,1906.0,2093.0,1402.0,48.0,54.0,67.0,78.0,79.0,10013,10059,10256,10551,9750,403.0,376.0,301.0,268.0,324.0,3443,3317,3534.0,3363.0,3413.0,1592,1582,1577,1553,1524,3.0,2.0,,,,11.0,11.0,11.0,13.0,13.0,3.0,4.0,4.0,4.0,5.0,28.0,27.0,27.0,26.0,26.0,311,323,328,338,371,81.0,82.0,83.0,73.0,72.0,46.0,44.0,41.0,45.0,44.0,167,166.0,168.0,165.0,160.0,164.0,178.0,172.0,178.0,195.0,243.0,248.0,238,239,250,7.0,7.0,3.0,3.0,3.0,175.0,187.0,189.0,193.0,198.0,17.0,20.0,19.0,18.0,17.0,395,401,394,400,389,32.0,34.0,33.0,31.0,35.0,236,225,226.0,224.0,220.0,309,314,310,324,332,4.0,4.0,,,,1710.21,1710.19,1710.19,1710.3,1710.33,28.85,28.85,28.85,28.85,28.85,-82.51,-82.51,-82.51,-82.51,-82.51,412.0,374.0,459.0,585.0,564.0,0.0,8711.0,14218.0,2456.0,2773.0,83913.0,82190.0,85668.0,84521.0,84142.0,68108,77933,86048,94427,110442,25805.0,30507.0,28601.0,28636.0,30170.0,17384.0,15728.0,15608.0,16940.0,16005.0,41100,46941.0,47895.0,49357.0,39624.0,21668.0,22135.0,21997.0,21456.0,26258.0,38138.0,36618.0,39316,41201,45226,1799.0,1963.0,610.0,589.0,641.0,59477.0,56969.0,59035.0,66521.0,61404.0,1239.0,998.0,1954.0,2038.0,2294.0,421515,450010,444826,446771,453186,6716.0,7128.0,4291.0,4075.0,5875.0,51857,56728,57534.0,52882.0,67425.0,33250,33821,36312,36639,40911,17.0,15.0,,,,0.09,0.17,0.2,0.1,0.15,141,143,145,148,152,1.92,1.67,1.73,1.7,1.83
1.0,12075,Levy County,139.0,127.0,172.0,163.0,187.0,,,,,,,,,,,1020,879,867,827,916,147.0,153.0,153.0,176.0,187.0,37.0,37.0,35.0,33.0,30.0,220,231.0,241.0,212.0,224.0,57.0,80.0,68.0,69.0,73.0,206.0,260.0,219,235,260,,,,,,163.0,187.0,147.0,173.0,145.0,51.0,51.0,57.0,60.0,60.0,699,639,538,510,554,109.0,93.0,78.0,91.0,94.0,818,750,804.0,859.0,1034.0,264,301,290,317,302,,,,,,25.0,22.0,30.0,29.0,31.0,,,,,,,,,,,104,109,105,113,123,32.0,31.0,29.0,29.0,28.0,7.0,9.0,7.0,8.0,8.0,30,35.0,36.0,33.0,33.0,29.0,31.0,30.0,31.0,30.0,52.0,49.0,48,54,55,,,,,,32.0,33.0,34.0,39.0,45.0,8.0,9.0,10.0,10.0,10.0,61,58,56,57,54,16.0,18.0,15.0,15.0,15.0,65,61,71.0,78.0,86.0,77,82,94,91,97,,,,,,2996.63,2996.64,2996.6,2995.49,2996.71,29.3,29.3,29.3,29.3,29.3,-82.78,-82.78,-82.78,-82.78,-82.78,5103.0,4954.0,5777.0,6297.0,6567.0,,,,,,,,,,,33224,34614,36925,39478,34740,5842.0,5975.0,6894.0,7870.0,8668.0,1858.0,2000.0,1903.0,1417.0,1895.0,10591,11426.0,11868.0,11857.0,13718.0,1246.0,1626.0,1628.0,2374.0,2271.0,7660.0,8919.0,8241,9747,11004,,,,,,3455.0,5336.0,4933.0,5313.0,5450.0,1270.0,1280.0,1409.0,1417.0,1562.0,21740,20182,19052,19754,21882,3536.0,2402.0,2396.0,2727.0,3313.0,11590,11929,13116.0,14910.0,19559.0,5728,6507,7246,7114,7368,,,,,,0.0,0.0,0.0,0.0,0.0,40,40,40,41,42,0.0,0.0,0.0,0.0,0.0
1.0,12003,Baker County,13.0,10.0,,,,,,,,,,,,,,352,374,375,326,352,51.0,45.0,48.0,46.0,49.0,83.0,79.0,74.0,77.0,77.0,110,125.0,128.0,132.0,135.0,2.0,6.0,4.0,6.0,10.0,105.0,103.0,121,111,113,,,,,,154.0,120.0,201.0,143.0,156.0,11.0,21.0,27.0,29.0,24.0,869,1870,1829,1857,1780,29.0,22.0,20.0,18.0,30.0,638,663,711.0,793.0,811.0,227,259,243,239,243,,2.0,,,,4.0,3.0,,,,,,,,,,,,,,57,60,66,62,65,11.0,10.0,10.0,10.0,10.0,8.0,8.0,7.0,7.0,7.0,19,18.0,19.0,21.0,21.0,6.0,7.0,8.0,8.0,10.0,19.0,19.0,22,22,28,,,,,,23.0,21.0,25.0,25.0,26.0,3.0,3.0,3.0,3.0,3.0,36,41,38,43,44,4.0,4.0,4.0,5.0,6.0,34,36,38.0,37.0,40.0,53,53,55,58,56,,3.0,,,,1524.74,1524.74,1524.74,1525.09,1524.74,30.31,30.31,30.31,30.31,30.31,-82.28,-82.28,-82.28,-82.28,-82.28,326.0,267.0,,,,,,,,,,,,,,12791,14190,14049,14196,16358,2201.0,2246.0,2430.0,2523.0,2793.0,3682.0,2970.0,3172.0,3128.0,3727.0,4056,4600.0,4968.0,5651.0,6140.0,72.0,138.0,125.0,169.0,202.0,3983.0,4444.0,5035,4902,4580,,,,,,3370.0,3122.0,4754.0,6211.0,5160.0,271.0,480.0,619.0,587.0,551.0,27401,65030,65724,66750,70755,244.0,211.0,195.0,203.0,351.0,8692,9683,9721.0,11816.0,13715.0,5196,5546,5510,5867,6771,,30.0,,,,0.0,0.0,0.0,0.0,0.0,28,28,28,29,28,0.0,0.0,0.0,0.0,0.0
1.0,12113,Santa Rosa County,104.0,104.0,99.0,100.0,99.0,22.0,23.0,21.0,15.0,,320.0,302.0,303.0,315.0,306.0,2452,2427,2554,2617,2756,603.0,618.0,609.0,611.0,740.0,571.0,664.0,628.0,627.0,562.0,725,681.0,1065.0,950.0,735.0,430.0,459.0,504.0,500.0,513.0,1704.0,1613.0,1590,1492,1576,14.0,12.0,34.0,23.0,84.0,1982.0,2178.0,2230.0,3053.0,3155.0,331.0,377.0,415.0,418.0,416.0,4015,4258,4507,4738,4672,475.0,427.0,435.0,433.0,428.0,4957,5036,4914.0,5285.0,5333.0,1287,1388,1469,1588,1582,2.0,2.0,1.0,27.0,,16.0,15.0,14.0,13.0,13.0,5.0,5.0,6.0,4.0,,15.0,15.0,16.0,17.0,18.0,391,418,438,435,469,76.0,77.0,74.0,78.0,74.0,36.0,39.0,38.0,39.0,44.0,157,157.0,158.0,168.0,170.0,204.0,221.0,225.0,240.0,273.0,322.0,333.0,346,351,387,7.0,6.0,6.0,5.0,6.0,178.0,185.0,190.0,203.0,227.0,35.0,32.0,34.0,32.0,32.0,289,285,320,337,360,38.0,43.0,41.0,42.0,45.0,221,224,238.0,250.0,257.0,271,277,283,310,306,3.0,4.0,4.0,5.0,,2974.17,2974.17,2974.16,2974.37,2974.5,30.7,30.7,30.7,30.7,30.7,-87.01,-87.01,-87.01,-87.01,-87.01,3141.0,3170.0,3004.0,2964.0,3413.0,1776.0,3012.0,2394.0,930.0,,18041.0,16344.0,19204.0,20878.0,20725.0,98111,102646,114469,138242,156297,29377.0,26768.0,27536.0,29715.0,34352.0,26330.0,29173.0,30106.0,30984.0,30811.0,55083,47264.0,70166.0,64839.0,50587.0,14368.0,15512.0,17013.0,18867.0,21129.0,103929.0,93169.0,93513,83875,91771,1023.0,653.0,1167.0,901.0,4137.0,77679.0,81190.0,95152.0,117471.0,124091.0,7266.0,8181.0,8812.0,14742.0,18234.0,181285,193905,217963,225625,234446,7296.0,6817.0,7549.0,7356.0,8168.0,75334,101109,74133.0,80555.0,96271.0,29935,31663,37562,40431,45922,26.0,65.0,44.0,101.0,,0.03,0.15,0.15,0.23,0.2,167,170,175,180,184,2.67,1.8,1.66,1.75,1.88
1.0,12127,Volusia County,124.0,76.0,46.0,45.0,45.0,50.0,17.0,14.0,15.0,25.0,470.0,480.0,478.0,450.0,444.0,9298,9786,10293,10149,10801,3834.0,4004.0,4207.0,4001.0,3762.0,3575.0,3797.0,3648.0,3271.0,2167.0,5054,5124.0,5328.0,5695.0,5575.0,2717.0,2869.0,2896.0,3048.0,3168.0,6850.0,7649.0,7976,8203,7997,966.0,1346.0,1371.0,1253.0,1373.0,6087.0,7469.0,7738.0,8205.0,8151.0,7893.0,7858.0,8253.0,7384.0,7160.0,29004,27953,28221,28281,28448,5079.0,4839.0,4675.0,5830.0,5365.0,22618,24523,24064.0,24535.0,23369.0,7003,7306,7405,7434,7287,12.0,9.0,8.0,14.0,6.0,22.0,22.0,19.0,18.0,16.0,5.0,6.0,4.0,5.0,6.0,27.0,23.0,22.0,24.0,22.0,1569,1620,1672,1648,1734,464.0,460.0,457.0,439.0,447.0,197.0,199.0,197.0,206.0,200.0,681,661.0,681.0,720.0,724.0,742.0,773.0,788.0,830.0,918.0,1333.0,1366.0,1387,1437,1457,37.0,39.0,37.0,37.0,36.0,869.0,885.0,926.0,943.0,1005.0,143.0,157.0,155.0,153.0,161.0,1453,1463,1474,1494,1548,235.0,231.0,235.0,228.0,236.0,1169,1195,1217.0,1240.0,1315.0,1309,1325,1338,1364,1377,10.0,10.0,14.0,19.0,8.0,3279.37,3279.42,3279.4,3279.25,3279.19,29.05,29.05,29.05,29.05,29.05,-81.13,-81.13,-81.13,-81.13,-81.13,1295.0,1158.0,755.0,966.0,824.0,2627.0,781.0,479.0,844.0,1219.0,53072.0,48491.0,50047.0,46736.0,46211.0,367792,410495,443454,475666,516838,217961.0,214792.0,230741.0,216295.0,212115.0,117676.0,127228.0,134176.0,120679.0,97965.0,315242,319630.0,346600.0,416530.0,413968.0,98781.0,105689.0,109673.0,116301.0,138408.0,331445.0,506774.0,530292,577276,602409,122671.0,205170.0,180957.0,239897.0,251942.0,201876.0,224091.0,234758.0,262585.0,324700.0,245538.0,252145.0,272738.0,262550.0,271560.0,1310958,1242240,1292607,1340822,1513362,132528.0,121078.0,128132.0,120732.0,169513.0,373658,413709,429367.0,402851.0,494296.0,199476,209366,215751,208840,209642,265.0,306.0,298.0,460.0,220.0,1.08,1.19,1.43,1.5,1.24,519,528,536,546,549,1.89,1.9,1.87,2.02,2.0
0.0,12073,Leon County,82.0,62.0,48.0,49.0,53.0,,,,,,139.0,140.0,137.0,118.0,114.0,5192,5734,6450,6666,6786,3318.0,3236.0,3224.0,3293.0,3036.0,3340.0,3288.0,3156.0,3135.0,2465.0,4427,4712.0,5548.0,4821.0,4657.0,1952.0,2134.0,2763.0,2633.0,2552.0,9719.0,9679.0,9768,10013,10015,934.0,1490.0,1286.0,1359.0,1237.0,5382.0,6312.0,6504.0,6546.0,6904.0,1552.0,1505.0,1411.0,1617.0,1742.0,18604,19005,18905,19369,18970,1377.0,1364.0,1609.0,1249.0,1322.0,15882,16288,16570.0,16369.0,14491.0,6704,6866,6871,6913,6134,5.0,7.0,5.0,17.0,2.0,12.0,12.0,11.0,10.0,11.0,,,,,,13.0,15.0,15.0,14.0,16.0,630,646,670,664,706,245.0,242.0,243.0,245.0,236.0,210.0,210.0,211.0,227.0,187.0,460,445.0,449.0,455.0,459.0,433.0,436.0,448.0,477.0,481.0,1408.0,1402.0,1404,1415,1444,39.0,39.0,41.0,43.0,44.0,452.0,453.0,471.0,478.0,489.0,125.0,120.0,119.0,129.0,120.0,783,766,756,792,830,101.0,98.0,103.0,111.0,125.0,727,746,753.0,762.0,737.0,832,816,839,832,850,5.0,6.0,8.0,12.0,7.0,1817.47,1817.58,1817.59,1817.76,1817.67,31.27,31.27,31.27,31.27,31.27,-96.0,-96.0,-96.0,-96.0,-96.0,2963.0,1936.0,1849.0,1998.0,1824.0,,,,,,15420.0,15889.0,15836.0,14989.0,19087.0,227780,254425,299097,326252,356350,200637.0,197656.0,213188.0,203176.0,212734.0,207341.0,205317.0,215490.0,224454.0,208020.0,292423,339445.0,421284.0,458897.0,455235.0,65643.0,71467.0,104638.0,101761.0,110782.0,743167.0,741271.0,855521,888679,1009418,55194.0,76125.0,65226.0,80271.0,81001.0,175464.0,185696.0,197707.0,203496.0,213479.0,46698.0,47011.0,46884.0,58364.0,65031.0,884708,952505,989270,1010265,1068201,26735.0,31103.0,35210.0,21045.0,25911.0,236438,246639,258721.0,225457.0,265261.0,255422,277413,273610,284856,284488,129.0,97.0,62.0,270.0,139.0,1.98,1.81,2.02,2.16,1.98,286,288,290,292,291,2.61,2.73,2.61,2.69,2.78
1.0,12011,Broward County,85.0,77.0,275.0,207.0,134.0,74.0,83.0,73.0,78.0,81.0,1014.0,1025.0,1047.0,1106.0,1076.0,40326,42105,42745,44403,43870,40283.0,40378.0,41797.0,42627.0,42415.0,23303.0,24265.0,25156.0,25040.0,20410.0,33913,30192.0,31573.0,34094.0,33146.0,19735.0,20656.0,19009.0,17498.0,16996.0,52463.0,54429.0,58447,59404,59136,15039.0,14401.0,14833.0,14660.0,16289.0,64047.0,67723.0,69389.0,66981.0,67484.0,23793.0,23837.0,24392.0,21293.0,19703.0,100440,103986,103064,105097,107038,14792.0,14764.0,14921.0,13973.0,12827.0,84254,87937,90407.0,90457.0,78024.0,30378,30738,31141,30438,28647,39.0,55.0,80.0,95.0,173.0,44.0,44.0,42.0,41.0,43.0,8.0,9.0,7.0,10.0,10.0,37.0,39.0,39.0,35.0,37.0,4703,4923,4995,5189,5375,4504.0,4484.0,4446.0,4431.0,4475.0,1050.0,1061.0,1056.0,1077.0,1116.0,3410,3500.0,3652.0,3801.0,3920.0,3997.0,4164.0,4203.0,4457.0,4765.0,10548.0,10789.0,10872,11518,12046,352.0,346.0,340.0,340.0,332.0,4161.0,4158.0,4157.0,4281.0,4387.0,909.0,908.0,943.0,983.0,983.0,6610,6681,6747,6949,7269,1013.0,1048.0,1088.0,1128.0,1182.0,4125,4204,4238.0,4276.0,4396.0,5157,5237,5201,5390,5627,38.0,73.0,86.0,109.0,122.0,3173.97,3173.98,3173.95,3173.36,3173.48,26.16,26.16,26.16,26.16,26.16,-80.46,-80.46,-80.46,-80.46,-80.46,3711.0,3809.0,6997.0,6199.0,4913.0,3059.0,5725.0,6142.0,5876.0,5284.0,104627.0,108672.0,111837.0,110147.0,103203.0,2051717,2273358,2368388,2552503,2736854,2537449.0,2651736.0,2822778.0,2850801.0,3067144.0,2544376.0,2865971.0,3387496.0,3102007.0,2940665.0,2762840,2602786.0,2638192.0,2839651.0,3039766.0,959524.0,1001991.0,961485.0,865231.0,984109.0,3574663.0,3754689.0,4102252,4218377,4579378,1464551.0,1553575.0,1606931.0,1494274.0,1772053.0,2323413.0,2671651.0,2805710.0,2762754.0,3156914.0,938022.0,928470.0,971353.0,938808.0,932477.0,5090348,5466817,5680674,5757056,6279810,456583.0,476635.0,508873.0,467416.0,562617.0,1742486,1882802,2018613.0,1721360.0,2084661.0,953056,1002312,1056993,1009990,1095878,1227.0,3083.0,2687.0,4988.0,10230.0,17.0,16.92,17.15,16.88,16.94,1890,1909,1926,1942,1935,3.07,3.09,3.11,3.29,3.29
0.0,12079,Madison County,53.0,56.0,58.0,53.0,59.0,,,,,,0.0,65.0,63.0,66.0,66.0,93,91,109,112,104,73.0,85.0,108.0,108.0,106.0,30.0,26.0,28.0,33.0,29.0,81,82.0,80.0,77.0,75.0,21.0,22.0,25.0,21.0,25.0,96.0,93.0,68,61,85,,,,,,8.0,7.0,7.0,6.0,16.0,89.0,96.0,72.0,74.0,56.0,729,788,862,926,980,6.0,,,,4.0,311,336,201.0,220.0,170.0,131,155,105,105,117,,,,,,9.0,9.0,7.0,9.0,7.0,,,,,,7.0,5.0,5.0,6.0,6.0,30,32,32,35,32,10.0,11.0,11.0,11.0,11.0,4.0,6.0,5.0,5.0,5.0,14,15.0,15.0,15.0,16.0,8.0,11.0,11.0,10.0,10.0,15.0,13.0,12,14,13,,,,,,6.0,6.0,6.0,6.0,9.0,4.0,4.0,4.0,5.0,3.0,41,42,44,44,50,3.0,,,,3.0,21,26,22.0,22.0,25.0,42,43,38,40,41,,,,,,1854.1,1854.1,1854.1,1853.81,1854.13,30.96,30.96,30.96,30.96,30.96,-95.95,-95.95,-95.95,-95.95,-95.95,2269.0,2673.0,2563.0,2673.0,3054.0,,,,,,0.0,4566.0,4742.0,5029.0,5082.0,2311,2396,2678,3083,3150,3901.0,4541.0,5276.0,6141.0,5418.0,896.0,1043.0,1136.0,1201.0,1045.0,3551,3745.0,3915.0,4143.0,4098.0,555.0,639.0,729.0,685.0,843.0,6795.0,4327.0,2184,2450,2553,,,,,,292.0,359.0,188.0,183.0,681.0,2131.0,2225.0,2135.0,2277.0,2361.0,23765,21933,25312,28287,31338,165.0,,,,147.0,4521,4682,3028.0,3034.0,3383.0,2880,2720,2151,2115,2107,,,,,,0.0,0.0,0.0,0.0,0.0,19,18,18,19,18,0.0,0.0,0.0,0.0,0.0
1.0,12087,Monroe County,53.0,49.0,45.0,42.0,45.0,2.0,6.0,,,,201.0,138.0,113.0,112.0,126.0,1756,1959,2043,1948,1965,328.0,342.0,362.0,322.0,402.0,359.0,379.0,281.0,295.0,218.0,671,668.0,654.0,658.0,623.0,1070.0,1084.0,1179.0,1105.0,1160.0,998.0,971.0,927,1041,1207,92.0,106.0,126.0,132.0,104.0,1038.0,1123.0,1101.0,1102.0,1087.0,315.0,325.0,322.0,303.0,262.0,2274,2085,2104,2283,2258,1342.0,1237.0,1285.0,1291.0,1251.0,12731,11791,12309.0,13227.0,12679.0,1456,1495,1388,1389,1332,,,,4.0,,38.0,37.0,36.0,34.0,34.0,3.0,4.0,,,,6.0,6.0,6.0,6.0,7.0,369,380,372,392,399,86.0,87.0,95.0,95.0,91.0,55.0,52.0,45.0,44.0,40.0,134,125.0,117.0,122.0,124.0,371.0,380.0,390.0,387.0,430.0,396.0,389.0,394,412,429,7.0,5.0,5.0,6.0,5.0,220.0,228.0,236.0,240.0,246.0,41.0,43.0,38.0,40.0,41.0,228,227,225,225,236,147.0,144.0,150.0,145.0,153.0,545,540,537.0,540.0,566.0,336,326,324,326,344,,,,6.0,,3565.8,3565.57,3565.49,3540.06,3546.02,38.27,38.27,38.27,38.27,38.27,-90.18,-90.18,-90.18,-90.18,-90.18,1553.0,1676.0,1826.0,1754.0,2017.0,25.0,33.0,,,,18763.0,13298.0,11557.0,11617.0,13160.0,75433,89425,91313,97329,107665,16413.0,17728.0,18570.0,16364.0,20517.0,17938.0,17009.0,14168.0,13150.0,12618.0,41322,38257.0,39112.0,42299.0,49430.0,39350.0,42517.0,49837.0,48356.0,62180.0,51384.0,54410.0,58586,65326,79730,5809.0,8423.0,7557.0,7423.0,6545.0,45147.0,47008.0,45769.0,47694.0,50325.0,10837.0,11377.0,11465.0,11392.0,12609.0,103137,109704,121858,133800,144272,40056.0,40004.0,43588.0,39533.0,47683.0,351053,359596,393011.0,364064.0,512294.0,47570,49488,49160,47702,54503,,,,117.0,,0.19,0.24,0.25,0.26,0.26,77,76,76,75,82,3.75,3.6,3.35,3.15,3.42
0.0,12053,Hernando County,7.0,10.0,6.0,14.0,18.0,0.0,113.0,,,98.0,0.0,,,,,2011,2295,2332,2454,2478,619.0,804.0,732.0,519.0,573.0,227.0,345.0,342.0,458.0,400.0,736,731.0,798.0,867.0,1002.0,476.0,488.0,630.0,601.0,658.0,1374.0,1383.0,1394,1468,1539,28.0,11.0,7.0,15.0,20.0,1029.0,1045.0,1058.0,1047.0,1061.0,297.0,336.0,242.0,231.0,493.0,9220,9444,9323,9526,9031,429.0,575.0,549.0,547.0,530.0,5128,5556,6036.0,6176.0,5390.0,1973,1931,1903,1775,1756,,7.0,2.0,19.0,4.0,5.0,6.0,6.0,9.0,9.0,4.0,3.0,,,3.0,3.0,,,,,409,432,430,446,473,95.0,87.0,93.0,89.0,91.0,51.0,55.0,57.0,57.0,55.0,173,174.0,187.0,193.0,197.0,184.0,194.0,201.0,203.0,231.0,306.0,326.0,327,347,354,9.0,6.0,3.0,4.0,6.0,216.0,206.0,221.0,227.0,248.0,33.0,33.0,30.0,33.0,36.0,548,551,548,557,564,47.0,48.0,54.0,53.0,56.0,272,283,287.0,288.0,293.0,314,315,325,321,335,,4.0,3.0,6.0,7.0,1291.16,1291.16,1291.18,1285.85,1288.11,28.57,28.57,28.57,28.57,28.57,-82.46,-82.46,-82.46,-82.46,-82.46,126.0,145.0,173.0,481.0,709.0,0.0,6023.0,,,4866.0,0.0,,,,,72095,86826,92475,96758,105514,26103.0,32458.0,31375.0,23884.0,28335.0,9971.0,13146.0,14646.0,35850.0,45820.0,40831,37753.0,43335.0,52819.0,69196.0,12789.0,14434.0,16867.0,16553.0,21194.0,53267.0,54880.0,59696,71465,64672,1714.0,912.0,671.0,1526.0,2416.0,32397.0,34737.0,35256.0,30666.0,34981.0,7335.0,7537.0,5594.0,5464.0,9486.0,418388,440414,455594,455049,488555,7897.0,8610.0,8393.0,8149.0,9537.0,79060,86765,94598.0,89808.0,104764.0,42981,42224,43886,44556,47971,,132.0,151.0,165.0,228.0,0.13,0.55,0.35,0.7,0.43,179,183,186,191,192,1.8,1.58,1.69,1.6,1.6
1.0,12057,Hillsborough County,59.0,56.0,53.0,63.0,67.0,21.0,12.0,21.0,15.0,33.0,2130.0,2087.0,2088.0,2355.0,2675.0,36488,39342,39704,44541,44296,32233.0,31985.0,32905.0,32959.0,32599.0,17667.0,18378.0,17267.0,16750.0,16580.0,50761,53111.0,55140.0,56031.0,61867.0,12556.0,12979.0,13405.0,13130.0,12904.0,63806.0,61884.0,61868,63692,67757,16707.0,19814.0,20112.0,20660.0,19931.0,59160.0,63728.0,65100.0,62497.0,57290.0,14514.0,13988.0,14227.0,15427.0,15111.0,85810,89845,92138,95465,92280,15731.0,15861.0,16495.0,15802.0,12945.0,58159,58940,59762.0,60861.0,54312.0,23940,22709,22821,23198,21210,27.0,30.0,78.0,56.0,48.0,24.0,23.0,21.0,21.0,23.0,7.0,6.0,6.0,8.0,11.0,29.0,30.0,31.0,36.0,47.0,3169,3412,3622,3811,4062,2065.0,2032.0,1999.0,1997.0,2023.0,667.0,687.0,720.0,746.0,787.0,2847,2957.0,2917.0,2922.0,2969.0,2351.0,2448.0,2533.0,2652.0,2887.0,5861.0,5938.0,6041,6286,6544,319.0,276.0,263.0,276.0,286.0,2390.0,2426.0,2504.0,2589.0,2720.0,523.0,540.0,561.0,594.0,630.0,4113,4274,4404,4618,4765,501.0,519.0,547.0,569.0,576.0,2521,2535,2615.0,2676.0,2807.0,3041,3037,3084,3195,3307,27.0,43.0,49.0,47.0,52.0,2808.83,2808.83,2808.75,2801.5,2808.22,27.92,27.92,27.92,27.92,27.92,-82.35,-82.35,-82.35,-82.35,-82.35,3885.0,3545.0,3472.0,3585.0,2995.0,415.0,500.0,545.0,662.0,1050.0,196561.0,218905.0,244902.0,290670.0,302500.0,1920396,2093213,2253236,2407882,2636797,1879898.0,1970036.0,2068775.0,2113903.0,2319757.0,1437509.0,1449734.0,1421132.0,1529919.0,1583683.0,4040893,4509858.0,4657700.0,4986218.0,5898403.0,615141.0,666305.0,718982.0,710567.0,822767.0,4801527.0,4787035.0,5044901,5313268,6276738,1505654.0,1516869.0,1682080.0,1933770.0,1863949.0,2123416.0,2161656.0,2204002.0,2126329.0,2310327.0,539377.0,540097.0,542510.0,644748.0,662815.0,4718609,4970345,5183344,5372735,5564005,575879.0,650702.0,718612.0,650222.0,786791.0,1122065,1184708,1236957.0,1097408.0,1309285.0,738571,685048,708819,670625,733422,457.0,849.0,1375.0,1172.0,2074.0,8.52,8.72,8.99,9.44,9.15,1351,1379,1422,1451,1444,2.75,2.77,2.87,3.08,3.05
1.0,12091,Okaloosa County,34.0,30.0,28.0,32.0,27.0,,,,,,246.0,236.0,251.0,282.0,271.0,2847,3436,3126,2988,3074,814.0,1080.0,1186.0,1028.0,1062.0,617.0,588.0,588.0,619.0,506.0,1944,1823.0,1845.0,1849.0,1946.0,1859.0,1850.0,1943.0,1953.0,2081.0,7542.0,7178.0,7271,7012,7576,217.0,194.0,194.0,247.0,115.0,4326.0,3502.0,3971.0,3825.0,3876.0,493.0,512.0,601.0,556.0,417.0,8495,8335,8804,9088,8865,989.0,1051.0,1152.0,1134.0,1124.0,11362,11565,11857.0,11849.0,11078.0,4061,4152,4392,4423,4287,,3.0,4.0,8.0,15.0,14.0,14.0,14.0,14.0,11.0,,,,,,15.0,15.0,17.0,16.0,17.0,564,585,601,593,601,149.0,143.0,144.0,137.0,139.0,74.0,71.0,77.0,84.0,76.0,290,284.0,287.0,284.0,291.0,412.0,442.0,451.0,475.0,506.0,714.0,705.0,701,723,781,18.0,16.0,16.0,18.0,16.0,331.0,335.0,348.0,363.0,374.0,50.0,50.0,55.0,55.0,54.0,594,615,621,627,650,90.0,94.0,100.0,104.0,104.0,522,539,547.0,547.0,570.0,498,498,503,513,531,,7.0,5.0,9.0,8.0,2575.86,2576.27,2576.25,2576.68,2576.25,30.68,30.68,30.68,30.68,30.68,-86.6,-86.6,-86.6,-86.6,-86.6,856.0,768.0,943.0,1067.0,727.0,,,,,,17433.0,17191.0,17927.0,21161.0,21167.0,120347,138021,134448,133888,145811,42493.0,65681.0,69136.0,72411.0,80663.0,24463.0,24361.0,24255.0,23851.0,22561.0,114317,111154.0,116114.0,138524.0,160994.0,75673.0,78421.0,83225.0,85258.0,97696.0,493527.0,565730.0,579646,601157,630883,19676.0,13643.0,14544.0,13043.0,8395.0,206087.0,154402.0,157078.0,185385.0,198041.0,22149.0,24963.0,28172.0,18511.0,17867.0,410677,421797,451486,451375,492595,21300.0,22927.0,25990.0,24252.0,29504.0,217432,221408,240186.0,229356.0,271379.0,100422,105241,112963,114164,124002,,21.0,46.0,206.0,195.0,0.69,0.67,0.67,0.63,0.66,198,201,204,207,209,1.89,1.92,2.04,2.09,2.07
0.0,12123,Taylor County,235.0,236.0,230.0,223.0,222.0,,,,,,0.0,15.0,16.0,15.0,16.0,80,93,91,59,85,77.0,83.0,83.0,80.0,102.0,39.0,35.0,37.0,36.0,36.0,69,69.0,65.0,58.0,54.0,28.0,26.0,28.0,39.0,36.0,77.0,86.0,98,100,314,,,,,,57.0,57.0,61.0,57.0,59.0,,,,,,567,572,547,500,525,22.0,17.0,28.0,26.0,11.0,458,450,528.0,502.0,550.0,292,297,309,360,341,,,,,,17.0,16.0,15.0,15.0,15.0,,,,,,5.0,4.0,4.0,4.0,4.0,22,24,26,23,25,20.0,21.0,20.0,18.0,18.0,7.0,8.0,8.0,8.0,7.0,14,14.0,14.0,15.0,14.0,11.0,12.0,14.0,18.0,18.0,28.0,28.0,28,31,31,,,,,,15.0,16.0,17.0,16.0,15.0,,,,,,37,38,34,35,41,5.0,5.0,5.0,6.0,3.0,37,39,40.0,41.0,42.0,54,54,53,54,49,,,,,,2728.63,2728.6,2728.6,2728.91,2728.62,32.28,32.28,32.28,32.28,32.28,-99.88,-99.88,-99.88,-99.88,-99.88,11027.0,11892.0,12504.0,12558.0,11838.0,,,,,,0.0,1483.0,1540.0,1598.0,1597.0,2437,2794,3116,2605,3191,4086.0,4667.0,4538.0,4373.0,4772.0,1451.0,1578.0,1530.0,1430.0,1531.0,2476,2621.0,2712.0,2761.0,2761.0,454.0,557.0,637.0,882.0,981.0,2956.0,3463.0,3775,4199,24127,,,,,,1084.0,1238.0,1234.0,1202.0,1168.0,,,,,,20718,20348,20255,21893,22571,333.0,333.0,400.0,333.0,161.0,6128,6695,7130.0,7527.0,9634.0,5726,5812,6299,7580,7815,,,,,,0.0,0.0,0.0,0.0,0.0,22,22,22,22,22,0.0,0.0,0.0,0.0,0.0
1.0,12129,Wakulla County,18.0,19.0,17.0,20.0,23.0,,,,,,62.0,70.0,46.0,69.0,67.0,348,386,423,437,473,58.0,24.0,32.0,18.0,14.0,175.0,148.0,168.0,168.0,169.0,64,69.0,71.0,68.0,71.0,35.0,29.0,29.0,29.0,36.0,172.0,148.0,159,185,159,,,,,,67.0,105.0,98.0,98.0,124.0,18.0,6.0,6.0,5.0,7.0,165,165,179,190,156,44.0,65.0,59.0,66.0,57.0,602,767,753.0,684.0,675.0,214,225,231,211,230,,,,,,5.0,4.0,4.0,5.0,5.0,,,,,,8.0,7.0,7.0,7.0,7.0,88,101,101,102,108,9.0,8.0,9.0,8.0,7.0,5.0,6.0,5.0,4.0,8.0,13,16.0,19.0,19.0,17.0,22.0,18.0,16.0,17.0,18.0,42.0,38.0,38,43,41,,,,,,23.0,26.0,23.0,23.0,31.0,4.0,3.0,3.0,3.0,4.0,27,29,30,31,32,8.0,7.0,7.0,7.0,7.0,43,41,39.0,37.0,40.0,60,63,58,55,57,,,,,,1633.22,1633.16,1633.12,1632.88,1633.01,30.15,30.15,30.15,30.15,30.15,-84.35,-84.35,-84.35,-84.35,-84.35,656.0,593.0,712.0,835.0,479.0,,,,,,6146.0,3922.0,3310.0,5175.0,5064.0,11024,12831,14660,16680,18266,1777.0,763.0,927.0,696.0,565.0,7203.0,6995.0,7546.0,7993.0,7208.0,2902,3299.0,3532.0,3781.0,5012.0,1122.0,852.0,632.0,762.0,1093.0,7668.0,6597.0,7622,9977,9390,,,,,,1778.0,2818.0,2593.0,2801.0,3741.0,133.0,116.0,152.0,140.0,240.0,4871,5155,5592,5894,5793,1145.0,1295.0,1353.0,1334.0,1212.0,8307,10263,10339.0,9450.0,11420.0,4967,5546,5857,5582,6327,,,,,,0.0,0.0,0.0,0.0,0.0,32,32,32,33,33,0.0,0.0,0.0,0.0,0.0
1.0,12033,Escambia County,35.0,83.0,75.0,37.0,54.0,0.0,54.0,67.0,64.0,167.0,0.0,1370.0,1377.0,1236.0,1144.0,6664,6945,7212,7412,7690,3504.0,3721.0,3701.0,3572.0,3690.0,1470.0,1263.0,1383.0,1243.0,1214.0,8363,9720.0,10088.0,10835.0,10732.0,1777.0,1824.0,1771.0,1850.0,1810.0,7363.0,7912.0,7564,7907,9075,1051.0,1162.0,1528.0,1135.0,1144.0,7310.0,8112.0,7047.0,7219.0,6850.0,4741.0,4968.0,4811.0,4817.0,2210.0,19623,20276,20803,22456,21781,1369.0,1552.0,1559.0,1673.0,1109.0,15276,15150,15865.0,15303.0,14044.0,5145,4887,4613,4452,4383,14.0,16.0,20.0,29.0,14.0,9.0,10.0,13.0,13.0,15.0,4.0,6.0,7.0,6.0,8.0,24.0,24.0,25.0,26.0,25.0,651,690,708,720,806,316.0,304.0,307.0,301.0,304.0,122.0,121.0,114.0,109.0,120.0,429,420.0,405.0,417.0,418.0,366.0,386.0,386.0,405.0,439.0,842.0,833.0,828,851,877,35.0,35.0,34.0,36.0,35.0,367.0,368.0,406.0,417.0,452.0,82.0,87.0,84.0,85.0,85.0,832,825,860,896,938,88.0,92.0,99.0,94.0,100.0,597,595,575.0,584.0,624.0,665,667,686,692,717,6.0,11.0,10.0,14.0,11.0,1932.41,1932.41,1932.42,1932.15,1932.17,30.66,30.66,30.66,30.66,30.66,-87.35,-87.35,-87.35,-87.35,-87.35,1811.0,2475.0,2395.0,1815.0,2061.0,0.0,2203.0,2653.0,2782.0,12602.0,0.0,121797.0,125946.0,126921.0,124692.0,312220,325839,366059,375861,429098,170850.0,192287.0,202094.0,200131.0,226841.0,77791.0,74735.0,86527.0,84040.0,88684.0,501756,563751.0,627526.0,728371.0,778210.0,66281.0,69597.0,70669.0,71649.0,82405.0,510248.0,534291.0,503994,521202,580383,71129.0,73089.0,92385.0,81516.0,82607.0,197258.0,234648.0,179508.0,208622.0,252280.0,89941.0,93964.0,102173.0,100488.0,106383.0,1138082,1184869,1202424,1259481,1345162,22107.0,23622.0,23818.0,22201.0,24516.0,244312,255298,270940.0,246761.0,292362.0,123293,124228,126567,123937,140113,169.0,469.0,480.0,531.0,440.0,1.19,1.07,1.05,1.08,0.94,310,312,313,317,319,2.12,2.17,2.07,2.08,2.1
