target,Fips,County,Emp-11-2017,Emp-11-2018,Emp-11-2019,Emp-11-2020,Emp-11-2021,Emp-21-2017,Emp-21-2018,Emp-21-2019,Emp-21-2020,Emp-21-2021,Emp-22-2017,Emp-22-2018,Emp-22-2019,Emp-22-2020,Emp-22-2021,Emp-23-2017,Emp-23-2018,Emp-23-2019,Emp-23-2020,Emp-23-2021,Emp-42-2017,Emp-42-2018,Emp-42-2019,Emp-42-2020,Emp-42-2021,Emp-51-2017,Emp-51-2018,Emp-51-2019,Emp-51-2020,Emp-51-2021,Emp-52-2017,Emp-52-2018,Emp-52-2019,Emp-52-2020,Emp-52-2021,Emp-53-2017,Emp-53-2018,Emp-53-2019,Emp-53-2020,Emp-53-2021,Emp-54-2017,Emp-54-2018,Emp-54-2019,Emp-54-2020,Emp-54-2021,Emp-55-2017,Emp-55-2018,Emp-55-2019,Emp-55-2020,Emp-55-2021,Emp-56-2017,Emp-56-2018,Emp-56-2019,Emp-56-2020,Emp-56-2021,Emp-61-2017,Emp-61-2018,Emp-61-2019,Emp-61-2020,Emp-61-2021,Emp-62-2017,Emp-62-2018,Emp-62-2019,Emp-62-2020,Emp-62-2021,Emp-71-2017,Emp-71-2018,Emp-71-2019,Emp-71-2020,Emp-71-2021,Emp-72-2017,Emp-72-2018,Emp-72-2019,Emp-72-2020,Emp-72-2021,Emp-81-2017,Emp-81-2018,Emp-81-2019,Emp-81-2020,Emp-81-2021,Emp-99-2017,Emp-99-2018,Emp-99-2019,Emp-99-2020,Emp-99-2021,Est-11-2017,Est-11-2018,Est-11-2019,Est-11-2020,Est-11-2021,Est-21-2017,Est-21-2018,Est-21-2019,Est-21-2020,Est-21-2021,Est-22-2017,Est-22-2018,Est-22-2019,Est-22-2020,Est-22-2021,Est-23-2017,Est-23-2018,Est-23-2019,Est-23-2020,Est-23-2021,Est-42-2017,Est-42-2018,Est-42-2019,Est-42-2020,Est-42-2021,Est-51-2017,Est-51-2018,Est-51-2019,Est-51-2020,Est-51-2021,Est-52-2017,Est-52-2018,Est-52-2019,Est-52-2020,Est-52-2021,Est-53-2017,Est-53-2018,Est-53-2019,Est-53-2020,Est-53-2021,Est-54-2017,Est-54-2018,Est-54-2019,Est-54-2020,Est-54-2021,Est-55-2017,Est-55-2018,Est-55-2019,Est-55-2020,Est-55-2021,Est-56-2017,Est-56-2018,Est-56-2019,Est-56-2020,Est-56-2021,Est-61-2017,Est-61-2018,Est-61-2019,Est-61-2020,Est-61-2021,Est-62-2017,Est-62-2018,Est-62-2019,Est-62-2020,Est-62-2021,Est-71-2017,Est-71-2018,Est-71-2019,Est-71-2020,Est-71-2021,Est-72-2017,Est-72-2018,Est-72-2019,Est-72-2020,Est-72-2021,Est-81-2017,Est-81-2018,Est-81-2019,Est-81-2020,Est-81-2021,Est-99-2017,Est-99-2018,Est-99-2019,Est-99-2020,Est-99-2021,Km2-2017,Km2-2018,Km2-2019,Km2-2020,Km2-2021,Latitude-2017,Latitude-2018,Latitude-2019,Latitude-2020,Latitude-2021,Longitude-2017,Longitude-2018,Longitude-2019,Longitude-2020,Longitude-2021,Pay-11-2017,Pay-11-2018,Pay-11-2019,Pay-11-2020,Pay-11-2021,Pay-21-2017,Pay-21-2018,Pay-21-2019,Pay-21-2020,Pay-21-2021,Pay-22-2017,Pay-22-2018,Pay-22-2019,Pay-22-2020,Pay-22-2021,Pay-23-2017,Pay-23-2018,Pay-23-2019,Pay-23-2020,Pay-23-2021,Pay-42-2017,Pay-42-2018,Pay-42-2019,Pay-42-2020,Pay-42-2021,Pay-51-2017,Pay-51-2018,Pay-51-2019,Pay-51-2020,Pay-51-2021,Pay-52-2017,Pay-52-2018,Pay-52-2019,Pay-52-2020,Pay-52-2021,Pay-53-2017,Pay-53-2018,Pay-53-2019,Pay-53-2020,Pay-53-2021,Pay-54-2017,Pay-54-2018,Pay-54-2019,Pay-54-2020,Pay-54-2021,Pay-55-2017,Pay-55-2018,Pay-55-2019,Pay-55-2020,Pay-55-2021,Pay-56-2017,Pay-56-2018,Pay-56-2019,Pay-56-2020,Pay-56-2021,Pay-61-2017,Pay-61-2018,Pay-61-2019,Pay-61-2020,Pay-61-2021,Pay-62-2017,Pay-62-2018,Pay-62-2019,Pay-62-2020,Pay-62-2021,Pay-71-2017,Pay-71-2018,Pay-71-2019,Pay-71-2020,Pay-71-2021,Pay-72-2017,Pay-72-2018,Pay-72-2019,Pay-72-2020,Pay-72-2021,Pay-81-2017,Pay-81-2018,Pay-81-2019,Pay-81-2020,Pay-81-2021,Pay-99-2017,Pay-99-2018,Pay-99-2019,Pay-99-2020,Pay-99-2021,PercentUrban-2017,PercentUrban-2018,PercentUrban-2019,PercentUrban-2020,PercentUrban-2021,Population-2017,Population-2018,Population-2019,Population-2020,Population-2021,UrbanDensity-2017,UrbanDensity-2018,UrbanDensity-2019,UrbanDensity-2020,UrbanDensity-2021
1.0,45003,Aiken County,116.0,104.0,159.0,123.0,132.0,81.0,82.0,96.0,91.0,93.0,504.0,493.0,438.0,431.0,437.0,2951,2735,2498,2566,2244,634.0,646.0,713.0,891.0,845.0,580.0,534.0,520.0,460.0,400.0,1117,1089,1057,1044,1059,348.0,340.0,377.0,426.0,404.0,2020,1897,2067.0,2545,2592,82.0,83.0,153.0,133.0,83.0,7533,7662.0,8536.0,9238.0,11058.0,513.0,497.0,501.0,497.0,479.0,6638,6415,6452,6678,5895,865.0,837.0,935.0,863.0,739.0,5268,5696,5893,5834,5354,2144,2242,2387,2358,2248,2.0,0.0,5.0,37.0,22.0,26.0,27.0,29.0,28.0,31.0,4.0,5.0,6.0,4.0,4.0,18.0,20.0,18.0,13.0,13.0,239,265,250,259,274,74.0,75.0,78.0,73.0,69.0,33.0,34.0,33.0,36.0,30.0,200,193,197,200,200,107.0,115.0,115.0,121.0,133.0,232,222,237.0,243,268,9.0,7.0,6.0,8.0,7.0,145,146.0,151.0,157.0,170.0,30.0,28.0,27.0,27.0,26.0,343,328,325,346,359,57.0,55.0,60.0,57.0,59.0,287,288,296,285,283,336,339,345,334,339,3.0,3.0,4.0,5.0,3.0,2798.63,2797.51,2797.63,2797.34,2797.68,33.57,33.57,33.57,33.57,33.57,-81.62,-81.62,-81.62,-81.62,-81.62,4582.0,4435.0,5262.0,5463.0,5674.0,5778.0,6330.0,7036.0,6088.0,6066.0,33249.0,33138.0,29861.0,30491.0,35217.0,162538,147923,136072,139485,121881,28512.0,29452.0,32323.0,41868.0,43457.0,29804.0,27199.0,23494.0,22971.0,20422.0,59765,58713,58153,66891,70954,13064.0,13831.0,14992.0,17227.0,19187.0,129881,139390,166991.0,197490,286668,7962.0,9122.0,9001.0,11057.0,8766.0,597791,628984.0,706918.0,755719.0,881818.0,12547.0,12282.0,12999.0,13460.0,15832.0,226703,237831,253733,262541,263963,15185.0,15151.0,16562.0,14701.0,17626.0,75987,82712,87275,80132,90963,48873,52427,62019,62361,68650,33.0,110.0,172.0,384.0,321.0,0.04,0.0,0.04,0.09,0.04,166,167,168,170,168,1.85,0.0,1.83,1.7,2.05
1.0,45005,Allendale County,73.0,73.0,102.0,90.0,91.0,,,,,,,,,,,29,29,32,37,28,56.0,51.0,54.0,53.0,61.0,11.0,12.0,10.0,11.0,11.0,42,40,39,35,32,0.0,5.0,6.0,6.0,11.0,35,33,33.0,33,34,,,,,,6,,,,,,,,,,310,332,383,351,332,,,,,,58,55,57,54,54,7,14,19,17,13,,,,,,9.0,8.0,8.0,8.0,8.0,,,,,,,,,,,6,6,4,5,5,8.0,7.0,8.0,8.0,8.0,5.0,5.0,5.0,5.0,5.0,9,8,8,7,7,3.0,3.0,3.0,3.0,3.0,7,7,7.0,8,8,,,,,,3,,,,,,,,,,16,16,15,13,13,,,,,,7,7,7,8,10,9,8,9,8,7,,,,,,1068.66,1068.7,1068.66,1068.33,1068.26,32.96,32.96,32.96,32.96,32.96,-81.34,-81.34,-81.34,-81.34,-81.34,3107.0,3189.0,4373.0,4303.0,3778.0,,,,,,,,,,,744,767,856,1177,854,2591.0,2642.0,2760.0,3022.0,2920.0,455.0,392.0,427.0,407.0,407.0,1693,1661,1660,1668,1753,0.0,114.0,125.0,126.0,147.0,1463,1809,1884.0,1962,1793,,,,,,44,,,,,,,,,,12320,13821,14599,15277,13459,,,,,,641,664,751,720,778,258,219,389,206,169,,,,,,0.0,0.0,0.0,0.0,0.0,9,9,9,9,8,0.0,0.0,0.0,0.0,0.0
1.0,45071,Newberry County,265.0,259.0,246.0,245.0,230.0,,,,,,0.0,,,,,660,666,691,791,746,319.0,309.0,303.0,373.0,364.0,21.0,27.0,47.0,29.0,21.0,179,179,183,175,166,72.0,71.0,71.0,67.0,66.0,169,158,163.0,178,163,36.0,37.0,35.0,33.0,31.0,304,253.0,341.0,303.0,480.0,0.0,415.0,447.0,480.0,408.0,1497,1439,1474,1448,1335,83.0,92.0,92.0,78.0,67.0,940,897,972,1155,1032,356,372,358,377,369,,,,,,20.0,21.0,21.0,21.0,19.0,,,,,,3.0,,,,,72,78,83,90,89,34.0,32.0,32.0,32.0,32.0,10.0,10.0,10.0,10.0,8.0,52,54,53,52,50,23.0,22.0,24.0,24.0,26.0,50,46,48.0,45,46,4.0,3.0,3.0,3.0,3.0,34,32.0,34.0,33.0,38.0,8.0,9.0,8.0,8.0,7.0,67,68,68,69,65,6.0,6.0,7.0,8.0,8.0,67,66,65,63,64,101,102,101,104,107,,,,,,1676.38,1676.4,1676.37,1676.4,1676.39,34.33,34.33,34.33,34.33,34.33,-81.58,-81.58,-81.58,-81.58,-81.58,10449.0,10724.0,10413.0,10964.0,11783.0,,,,,,0.0,,,,,28761,31295,33812,35788,36531,16975.0,15889.0,18835.0,15962.0,20986.0,1223.0,1170.0,1316.0,1219.0,995.0,6964,7091,6687,6627,7619,2755.0,2944.0,2940.0,2799.0,2934.0,6166,5925,6382.0,6672,6716,3456.0,3911.0,3436.0,3316.0,3140.0,8081,6900.0,8082.0,8731.0,12775.0,0.0,10273.0,10887.0,11078.0,11811.0,51039,52625,54136,55125,51197,865.0,834.0,956.0,975.0,1049.0,12870,12507,12550,13634,14229,9316,9551,9911,10330,10770,,,,,,0.0,0.0,0.0,0.0,0.0,38,38,38,38,38,0.0,0.0,0.0,0.0,0.0
1.0,45037,Edgefield County,165.0,144.0,98.0,96.0,99.0,,,,,,0.0,45.0,38.0,,,198,222,203,241,271,449.0,483.0,573.0,501.0,539.0,12.0,13.0,14.0,9.0,9.0,51,53,48,43,40,26.0,16.0,20.0,26.0,33.0,57,60,68.0,64,71,,,,,,158,174.0,202.0,188.0,168.0,,33.0,54.0,66.0,67.0,503,446,469,699,554,65.0,62.0,55.0,29.0,25.0,202,234,234,211,224,419,394,385,426,365,,,,,,12.0,10.0,9.0,9.0,10.0,,,,,,3.0,3.0,3.0,,,37,36,37,44,45,12.0,12.0,11.0,10.0,10.0,3.0,3.0,4.0,4.0,4.0,18,17,17,14,12,11.0,12.0,11.0,15.0,17.0,17,18,18.0,19,20,,,,,,16,18.0,21.0,22.0,24.0,,3.0,3.0,3.0,3.0,21,23,26,29,26,4.0,4.0,3.0,3.0,4.0,26,24,24,22,21,46,44,43,45,52,,,,,,1312.47,1313.35,1313.31,1313.2,1313.19,33.76,33.76,33.76,33.76,33.76,-81.98,-81.98,-81.98,-81.98,-81.98,6572.0,6710.0,6879.0,7082.0,6618.0,,,,,,0.0,3353.0,3134.0,,,8463,8317,8494,9429,10016,25732.0,28057.0,39878.0,32018.0,39931.0,310.0,338.0,371.0,419.0,175.0,2025,1914,1843,1758,1693,787.0,923.0,827.0,892.0,1010.0,3094,3371,2843.0,3126,2924,,,,,,5584,5624.0,5885.0,5524.0,5837.0,,892.0,1226.0,1432.0,1668.0,15788,17057,11429,21968,19864,1116.0,1445.0,1076.0,475.0,523.0,2530,2958,3094,2755,3089,17390,16720,17394,16624,15112,,,,,,0.0,0.0,0.0,0.0,0.0,27,27,27,27,26,0.0,0.0,0.0,0.0,0.0
1.0,45023,Chester County,77.0,48.0,50.0,65.0,71.0,,,,,,0.0,12.0,12.0,10.0,14.0,394,447,329,369,367,136.0,162.0,117.0,187.0,215.0,194.0,205.0,207.0,221.0,190.0,139,138,128,136,128,21.0,25.0,27.0,29.0,33.0,131,140,138.0,130,144,,,,,,124,316.0,154.0,192.0,212.0,29.0,30.0,36.0,37.0,35.0,625,649,589,615,603,68.0,71.0,81.0,86.0,50.0,680,731,650,669,661,312,284,292,292,271,,,,,,9.0,7.0,7.0,7.0,7.0,,,,,,10.0,6.0,6.0,6.0,7.0,47,48,45,45,48,14.0,18.0,18.0,18.0,18.0,9.0,9.0,9.0,10.0,8.0,31,29,28,29,28,12.0,13.0,14.0,15.0,14.0,30,30,31.0,29,29,,,,,,21,24.0,26.0,28.0,30.0,3.0,3.0,3.0,3.0,3.0,51,48,42,45,45,6.0,6.0,6.0,6.0,7.0,47,44,48,48,49,86,82,86,84,84,,,,,,1518.22,1518.21,1518.21,1518.04,1518.12,39.98,39.98,39.98,39.98,39.98,-75.77,-75.77,-75.77,-75.77,-75.77,3708.0,2638.0,3328.0,3285.0,4358.0,,,,,,0.0,1259.0,1310.0,1310.0,1439.0,18652,19562,18755,19881,25005,9408.0,11558.0,12385.0,12880.0,15859.0,11951.0,16447.0,16973.0,11789.0,12408.0,5595,5785,5706,5727,5488,857.0,900.0,1155.0,1098.0,1390.0,4623,4716,5117.0,4998,7405,,,,,,6227,7670.0,5504.0,5171.0,8416.0,460.0,519.0,631.0,586.0,609.0,25769,27030,20245,21736,22938,2396.0,2515.0,2675.0,2223.0,1489.0,9306,9791,10016,10475,11399,6277,6382,6610,6913,6626,,,,,,0.0,0.0,0.0,0.0,0.0,32,32,32,32,32,0.0,0.0,0.0,0.0,0.0
0.0,45027,Clarendon County,218.0,195.0,241.0,165.0,178.0,,,,,,6.0,,,,,79,100,106,101,106,94.0,96.0,98.0,106.0,100.0,,,,,,230,223,223,222,207,23.0,34.0,27.0,29.0,29.0,77,79,88.0,88,91,,,,,,111,71.0,61.0,59.0,70.0,88.0,92.0,113.0,109.0,116.0,1304,1299,1311,1268,1257,69.0,83.0,76.0,67.0,49.0,726,763,811,700,711,321,314,314,315,308,,,,,,13.0,13.0,12.0,13.0,13.0,,,,,,3.0,,,,,30,31,30,33,31,16.0,16.0,15.0,16.0,17.0,,,,,,42,42,41,39,37,14.0,16.0,14.0,16.0,16.0,23,24,25.0,27,30,,,,,,19,18.0,18.0,19.0,20.0,7.0,8.0,8.0,8.0,6.0,37,39,42,39,40,9.0,8.0,8.0,7.0,7.0,57,59,56,56,53,59,59,61,64,63,,,,,,1801.7,1801.7,1801.63,1801.93,1801.75,33.67,33.67,33.67,33.67,33.67,-80.23,-80.23,-80.23,-80.23,-80.23,6108.0,6883.0,6308.0,6686.0,7060.0,,,,,,113.0,,,,,2685,3054,3248,3347,3776,4257.0,4460.0,4622.0,5905.0,5325.0,,,,,,9478,8976,9675,10071,10423,519.0,631.0,607.0,624.0,744.0,5082,4769,3196.0,3670,4440,,,,,,1756,1121.0,1196.0,1610.0,3086.0,1562.0,1775.0,2071.0,2519.0,2275.0,35421,38970,40758,41962,43307,1400.0,1673.0,1573.0,1117.0,962.0,9454,9826,9762,8814,10089,6504,6423,6661,6768,7166,,,,,,0.02,0.02,0.02,0.02,0.02,34,34,34,34,32,5.29,5.04,4.8,4.7,4.23
1.0,45029,Colleton County,387.0,396.0,340.0,361.0,354.0,,,,16.0,14.0,0.0,69.0,62.0,60.0,54.0,451,498,519,503,498,223.0,221.0,200.0,174.0,180.0,119.0,116.0,114.0,118.0,124.0,264,240,246,240,242,99.0,105.0,110.0,114.0,113.0,205,177,178.0,169,191,,,,,,230,203.0,221.0,224.0,247.0,75.0,84.0,93.0,87.0,79.0,1327,1362,1247,1268,1172,91.0,101.0,118.0,106.0,97.0,1521,1429,1362,1397,1220,277,254,249,235,217,,,1.0,2.0,,32.0,33.0,31.0,31.0,38.0,,,,3.0,3.0,4.0,4.0,4.0,4.0,4.0,66,72,71,71,74,32.0,32.0,29.0,26.0,27.0,12.0,12.0,11.0,10.0,10.0,54,53,54,51,51,44.0,45.0,44.0,42.0,39.0,48,47,48.0,49,51,,,,,,34,31.0,35.0,30.0,31.0,7.0,6.0,5.0,3.0,3.0,74,74,73,75,76,10.0,10.0,12.0,12.0,9.0,80,73,75,79,75,66,66,67,64,71,,,3.0,3.0,,2786.29,2786.28,2786.26,2785.55,2786.28,32.86,32.86,32.86,32.86,32.86,-80.68,-80.68,-80.68,-80.68,-80.68,13374.0,14935.0,15214.0,16175.0,16036.0,,,,1217.0,1241.0,0.0,5452.0,5365.0,5657.0,5337.0,18611,21178,22206,23174,23699,10917.0,10579.0,9748.0,8654.0,9835.0,7079.0,8333.0,7936.0,5913.0,8763.0,11701,11507,12073,12445,13123,4134.0,4122.0,4132.0,4428.0,5622.0,14069,15830,18356.0,17904,19599,,,,,,7752,7532.0,8507.0,8624.0,12474.0,1882.0,2000.0,2178.0,2231.0,2394.0,58653,61571,58345,55767,63473,3281.0,3616.0,3983.0,3826.0,3845.0,25167,24961,25951,23398,28930,4820,5145,5074,4528,4662,,,52.0,17.0,,0.0,0.0,0.0,0.0,0.0,38,38,38,38,39,0.0,0.0,0.0,0.0,0.0
1.0,45067,Marion County,36.0,31.0,31.0,30.0,24.0,,,,13.0,14.0,26.0,28.0,26.0,23.0,21.0,138,154,159,151,158,310.0,380.0,346.0,311.0,292.0,0.0,19.0,20.0,12.0,10.0,310,324,314,294,310,41.0,50.0,44.0,45.0,46.0,95,75,66.0,71,67,36.0,89.0,37.0,32.0,25.0,464,459.0,446.0,56.0,128.0,,,,,40.0,712,722,957,1145,810,33.0,14.0,23.0,,12.0,824,870,835,836,697,279,290,288,293,252,,,,,,6.0,6.0,7.0,7.0,7.0,,,,3.0,3.0,5.0,4.0,4.0,3.0,3.0,31,32,30,31,34,21.0,22.0,24.0,22.0,20.0,5.0,6.0,6.0,5.0,5.0,45,47,45,39,38,15.0,15.0,15.0,15.0,15.0,26,23,21.0,24,25,4.0,4.0,4.0,4.0,4.0,18,17.0,16.0,18.0,17.0,,,,,3.0,71,63,65,61,57,4.0,4.0,4.0,,3.0,46,46,47,47,47,62,59,56,62,67,,,,,,1279.85,1279.89,1279.88,1279.92,1279.94,32.79,32.79,32.79,32.79,32.79,-94.34,-94.34,-94.34,-94.34,-94.34,2390.0,2060.0,2166.0,1999.0,2324.0,,,,527.0,590.0,2175.0,2513.0,2482.0,2325.0,2295.0,4204,4565,5239,5295,6175,13307.0,14018.0,14602.0,14960.0,13319.0,0.0,1133.0,1200.0,1174.0,840.0,13609,14066,14774,15443,16293,1189.0,1304.0,1344.0,1313.0,1466.0,2138,2280,2493.0,2386,2621,3047.0,2914.0,2926.0,2779.0,2116.0,10698,9981.0,9985.0,2390.0,4132.0,,,,,1352.0,24783,26227,31686,32532,22569,246.0,297.0,310.0,,268.0,10193,10863,10864,10253,9929,4692,4770,5208,5446,5659,,,,,,0.0,0.0,0.0,0.0,0.0,32,32,31,31,30,0.0,0.0,0.0,0.0,0.0
1.0,45085,Sumter County,0.0,112.0,112.0,124.0,125.0,,,,,,150.0,146.0,113.0,112.0,107.0,3642,4319,5173,4751,3906,646.0,740.0,679.0,534.0,528.0,293.0,289.0,235.0,275.0,229.0,748,740,752,775,743,259.0,276.0,320.0,291.0,296.0,881,788,881.0,874,863,166.0,161.0,129.0,91.0,73.0,2434,1861.0,1608.0,1464.0,1661.0,705.0,707.0,679.0,659.0,561.0,5099,5142,4846,4902,4974,253.0,293.0,286.0,274.0,206.0,3530,3768,4073,4204,3554,1720,1583,1688,1747,1682,3.0,4.0,4.0,6.0,19.0,5.0,4.0,4.0,5.0,6.0,,,,,,9.0,9.0,8.0,8.0,7.0,156,160,158,160,160,69.0,68.0,63.0,58.0,59.0,17.0,18.0,19.0,22.0,20.0,109,111,108,112,111,66.0,65.0,61.0,54.0,59.0,140,125,125.0,129,130,9.0,7.0,6.0,6.0,5.0,73,76.0,82.0,81.0,82.0,31.0,31.0,31.0,33.0,35.0,193,199,197,199,205,15.0,20.0,23.0,22.0,22.0,171,179,174,175,177,222,215,223,215,219,3.0,5.0,3.0,4.0,4.0,1766.9,1766.91,1766.91,1766.56,1766.92,28.67,28.67,28.67,28.67,28.67,-82.08,-82.08,-82.08,-82.08,-82.08,0.0,7572.0,7490.0,9274.0,9060.0,,,,,,9385.0,10699.0,8009.0,9691.0,9618.0,213811,274115,300553,309517,284361,30440.0,33330.0,29919.0,29658.0,30307.0,17606.0,17261.0,17301.0,17185.0,17504.0,36421,38047,40319,43954,45073,8603.0,9056.0,11024.0,10956.0,11718.0,40829,42474,45555.0,52745,53259,13776.0,14087.0,11842.0,10755.0,9000.0,52450,53670.0,45171.0,48287.0,57298.0,18668.0,19111.0,18819.0,19020.0,19680.0,211952,199149,199035,197277,207280,3414.0,3654.0,3544.0,3094.0,3910.0,46318,50882,52478,49588,57526,39514,37566,46113,48640,50292,48.0,92.0,96.0,117.0,124.0,0.08,0.08,0.03,0.03,0.09,107,107,107,107,106,1.78,1.65,1.65,2.0,1.51
1.0,45063,Lexington County,79.0,106.0,91.0,112.0,112.0,97.0,111.0,108.0,110.0,116.0,0.0,1869.0,1563.0,1527.0,1412.0,5934,6467,6496,6493,6435,6766.0,6865.0,6630.0,6879.0,6950.0,1758.0,3025.0,2971.0,2987.0,2483.0,3184,3167,3252,3240,3194,1290.0,1285.0,1307.0,1292.0,1256.0,3445,3481,3393.0,3531,3609,1154.0,1369.0,1508.0,1931.0,1745.0,9172,8799.0,8221.0,8848.0,8207.0,800.0,750.0,739.0,742.0,699.0,13785,15357,14149,16111,16454,720.0,933.0,975.0,1041.0,800.0,11873,12470,13366,12945,12449,5462,5705,5818,6018,5650,7.0,10.0,5.0,18.0,28.0,18.0,20.0,19.0,20.0,21.0,8.0,8.0,9.0,8.0,8.0,48.0,49.0,50.0,48.0,44.0,683,714,748,748,797,358.0,357.0,351.0,340.0,325.0,93.0,95.0,93.0,94.0,99.0,486,486,491,495,479,308.0,319.0,330.0,325.0,348.0,613,632,620.0,644,664,42.0,41.0,44.0,47.0,45.0,382,378.0,390.0,404.0,430.0,75.0,77.0,78.0,79.0,79.0,582,589,618,682,723,79.0,87.0,86.0,89.0,92.0,572,568,588,593,611,751,749,766,775,792,9.0,7.0,6.0,12.0,10.0,1962.55,1962.3,1962.36,1962.33,1962.26,33.9,33.9,33.9,33.9,33.9,-81.28,-81.28,-81.28,-81.28,-81.28,3967.0,4218.0,4187.0,5829.0,6432.0,6228.0,6170.0,7594.0,7931.0,8860.0,0.0,153458.0,138125.0,142720.0,138537.0,285782,322479,339215,334849,358428,384888.0,410386.0,406718.0,407565.0,426193.0,93549.0,141448.0,143076.0,154662.0,168403.0,190132,185325,202128,225285,234464,54146.0,52417.0,54810.0,55045.0,60772.0,172149,179963,190669.0,218553,231738,94886.0,102795.0,132993.0,146663.0,148607.0,285989,267815.0,253141.0,280187.0,269282.0,18639.0,19603.0,20110.0,17654.0,18280.0,536405,562810,595128,812545,917840,12925.0,16583.0,18033.0,16207.0,18155.0,167730,180778,188754,177754,217808,160164,176408,193808,191364,206634,155.0,237.0,225.0,517.0,551.0,0.27,0.27,0.27,0.26,0.19,282,286,290,295,292,1.86,2.02,1.95,2.05,2.04
0.0,45073,Oconee County,63.0,66.0,64.0,74.0,73.0,,,,,,0.0,1425.0,1435.0,1389.0,1384.0,1066,1189,1203,1199,1242,382.0,383.0,395.0,360.0,404.0,263.0,275.0,261.0,252.0,211.0,426,451,457,459,483,241.0,252.0,248.0,249.0,247.0,516,504,511.0,503,496,42.0,44.0,59.0,51.0,114.0,1536,1023.0,786.0,1125.0,1394.0,200.0,209.0,203.0,209.0,222.0,2111,2356,2254,2315,2281,261.0,283.0,296.0,318.0,315.0,1708,1796,1767,1916,1838,1304,1232,1248,1195,1205,,,,0.0,,15.0,16.0,16.0,16.0,17.0,,,,,,18.0,10.0,10.0,10.0,10.0,196,207,215,223,224,45.0,46.0,47.0,45.0,50.0,17.0,16.0,17.0,18.0,19.0,91,92,100,101,106,94.0,104.0,107.0,114.0,113.0,131,132,130.0,119,118,6.0,6.0,7.0,8.0,8.0,80,78.0,86.0,96.0,102.0,12.0,12.0,9.0,10.0,12.0,124,129,136,137,132,23.0,24.0,23.0,23.0,25.0,129,128,132,130,137,197,200,204,193,210,,,,4.0,,1744.24,1744.58,1744.58,1744.58,1744.6,33.83,33.83,33.83,33.83,33.83,-83.43,-83.43,-83.43,-83.43,-83.43,1918.0,1973.0,1994.0,2441.0,2497.0,,,,,,0.0,158341.0,164672.0,166496.0,165342.0,41778,46167,50122,53040,60284,15838.0,14691.0,17180.0,14984.0,17229.0,9294.0,10251.0,9947.0,10022.0,10674.0,23861,26754,28940,31904,36483,10735.0,10770.0,10966.0,11604.0,12430.0,21313,21317,20932.0,21110,21202,4708.0,4489.0,4573.0,4905.0,9346.0,33599,25480.0,28834.0,33362.0,35205.0,4971.0,5660.0,6120.0,6597.0,6923.0,81875,89481,92732,92656,97287,6882.0,6848.0,7060.0,7016.0,8435.0,24015,25816,27993,27760,32702,30177,29637,30036,30872,33268,,,,41.0,,0.0,0.0,0.0,0.0,0.0,76,77,78,78,78,0.0,0.0,0.0,0.0,0.0
1.0,45011,Barnwell County,22.0,22.0,24.0,16.0,13.0,,,,,,0.0,34.0,27.0,28.0,27.0,137,144,157,155,104,40.0,46.0,53.0,50.0,49.0,40.0,34.0,49.0,30.0,15.0,121,119,116,118,117,15.0,14.0,12.0,15.0,12.0,130,90,101.0,110,114,17.0,32.0,,,,121,132.0,115.0,186.0,150.0,,,43.0,46.0,53.0,395,387,381,422,461,40.0,40.0,51.0,53.0,43.0,504,509,521,489,432,303,321,341,316,257,,3.0,,,,6.0,6.0,6.0,4.0,4.0,,,,,,4.0,4.0,4.0,3.0,3.0,20,19,18,16,14,5.0,5.0,5.0,5.0,5.0,8.0,8.0,8.0,8.0,7.0,25,26,24,24,24,7.0,7.0,5.0,5.0,6.0,24,26,24.0,25,26,4.0,3.0,,,,18,20.0,19.0,22.0,22.0,,,3.0,4.0,3.0,24,22,27,21,23,3.0,3.0,3.0,3.0,3.0,32,32,32,32,32,59,61,58,55,58,,3.0,,,,1443.52,1443.48,1443.52,1443.56,1443.2,33.26,33.26,33.26,33.26,33.26,-81.42,-81.42,-81.42,-81.42,-81.42,819.0,950.0,843.0,837.0,786.0,,,,,,0.0,2205.0,2072.0,2120.0,2099.0,5500,5883,6259,5877,4443,1371.0,1548.0,1515.0,1670.0,1866.0,2055.0,1990.0,2184.0,1470.0,642.0,4520,4062,4018,4120,4038,357.0,406.0,295.0,514.0,643.0,5186,3859,4209.0,4629,4532,107.0,3455.0,,,,4361,5212.0,4742.0,14605.0,7218.0,,,910.0,1030.0,1232.0,12552,12837,13827,14592,14471,329.0,321.0,432.0,377.0,368.0,5719,6460,6880,6558,5762,5962,6468,7123,6816,7300,,31.0,,,,0.0,0.0,0.0,0.0,0.0,22,22,21,21,21,0.0,0.0,0.0,0.0,0.0
1.0,45015,Berkeley County,62.0,46.0,43.0,37.0,38.0,25.0,29.0,29.0,28.0,31.0,0.0,337.0,346.0,347.0,346.0,3678,3719,3808,3666,3635,2898.0,3121.0,3121.0,2702.0,2698.0,6837.0,5548.0,6000.0,5068.0,4282.0,1055,1129,1247,1410,1330,663.0,700.0,655.0,704.0,756.0,3400,4012,5152.0,5522,5634,231.0,273.0,254.0,245.0,298.0,2396,2821.0,2894.0,2650.0,3202.0,526.0,560.0,584.0,624.0,600.0,3261,3456,3356,4237,4303,740.0,730.0,872.0,821.0,718.0,5503,5673,5794,6281,6104,2030,2043,2127,2178,2058,,0.0,9.0,6.0,2.0,12.0,10.0,10.0,8.0,8.0,4.0,3.0,3.0,5.0,4.0,7.0,8.0,8.0,8.0,11.0,400,426,466,465,501,170.0,169.0,165.0,161.0,160.0,43.0,46.0,48.0,55.0,59.0,216,219,217,225,232,179.0,194.0,193.0,220.0,255.0,326,343,372.0,374,405,18.0,17.0,14.0,13.0,15.0,199,197.0,208.0,213.0,242.0,39.0,33.0,32.0,33.0,39.0,258,276,282,314,346,37.0,36.0,40.0,45.0,46.0,293,292,302,297,320,329,346,345,342,376,,4.0,5.0,5.0,6.0,3183.72,3195.57,3195.68,3195.65,3195.69,39.45,39.45,39.45,39.45,39.45,-78.04,-78.04,-78.04,-78.04,-78.04,3238.0,1800.0,1793.0,1346.0,1646.0,1647.0,1973.0,2170.0,2379.0,2780.0,0.0,26809.0,26713.0,27880.0,28880.0,180831,194509,202924,197486,226549,218957.0,220383.0,225776.0,185413.0,192250.0,556039.0,555803.0,609940.0,516521.0,528424.0,61377,62075,71853,95514,110802,33764.0,37943.0,38509.0,43787.0,53238.0,257212,359631,448942.0,464077,508075,13239.0,17892.0,14795.0,19577.0,29347.0,96074,100760.0,107393.0,111428.0,145826.0,13658.0,16337.0,17226.0,18426.0,20432.0,128991,142272,149847,185983,198978,17965.0,17516.0,19092.0,18770.0,21533.0,78289,84662,93953,99006,118848,50658,55175,60156,62446,69482,,19.0,44.0,147.0,18.0,0.55,0.51,0.46,0.74,0.61,205,209,215,222,225,2.16,2.23,2.2,2.27,2.31
0.0,45019,Charleston County,29.0,33.0,38.0,39.0,42.0,0.0,,,12.0,14.0,0.0,653.0,553.0,540.0,497.0,10601,11050,11284,11268,10938,6726.0,6786.0,6780.0,6765.0,6387.0,5017.0,5202.0,4455.0,5311.0,4807.0,6454,6809,6748,7146,6877,4549.0,4642.0,4740.0,4949.0,4857.0,16746,16785,16642.0,16926,16628,2744.0,2899.0,2919.0,2761.0,2905.0,16556,17212.0,18202.0,17623.0,15378.0,3884.0,3812.0,3882.0,3959.0,3621.0,32539,32384,26188,27882,31812,4127.0,4431.0,4648.0,4473.0,3280.0,35124,37075,37703,36779,30501,9752,10029,9697,10077,9370,5.0,44.0,39.0,23.0,19.0,17.0,18.0,19.0,18.0,17.0,3.0,,,3.0,3.0,29.0,31.0,31.0,26.0,27.0,1176,1216,1247,1290,1305,538.0,547.0,547.0,535.0,537.0,250.0,265.0,261.0,264.0,245.0,789,822,838,866,884,1021.0,1062.0,1113.0,1151.0,1237.0,1910,1962,2027.0,2060,2115,73.0,68.0,66.0,65.0,75.0,825,827.0,826.0,835.0,834.0,192.0,188.0,201.0,185.0,195.0,1432,1409,1442,1474,1504,272.0,294.0,302.0,289.0,295.0,1416,1477,1486,1454,1467,1182,1217,1235,1268,1306,10.0,16.0,20.0,30.0,19.0,2653.7,2653.7,2653.58,2651.35,2653.6,32.82,32.82,32.82,32.82,32.82,-79.8,-79.8,-79.8,-79.8,-79.8,1296.0,1557.0,1948.0,2068.0,2314.0,0.0,,,1737.0,2803.0,0.0,47760.0,43680.0,45228.0,48088.0,587813,635565,687077,706565,724530,416872.0,435319.0,426107.0,441055.0,474977.0,330268.0,334928.0,294785.0,363102.0,371437.0,511023,556458,594012,694580,779492,224102.0,233793.0,257178.0,271046.0,320418.0,1279224,1291692,1338132.0,1393785,1420114,247941.0,273433.0,306012.0,261360.0,313187.0,506868,525824.0,582304.0,566063.0,566079.0,117525.0,120731.0,129765.0,136331.0,149981.0,1775032,1835466,1575138,1609724,1917584,88987.0,93435.0,99344.0,90010.0,100680.0,727247,775696,838377,674003,884964,304987,314275,328135,334670,365066,290.0,1232.0,506.0,707.0,848.0,1.38,1.52,1.6,1.88,1.78,388,395,401,408,405,2.81,2.75,2.73,2.7,2.73
1.0,45031,Darlington County,45.0,51.0,67.0,68.0,60.0,,,,,,0.0,839.0,840.0,814.0,814.0,800,950,908,933,921,883.0,770.0,737.0,657.0,674.0,84.0,90.0,78.0,77.0,69.0,396,398,386,346,326,86.0,85.0,86.0,93.0,81.0,283,240,240.0,256,232,910.0,1027.0,1490.0,1487.0,1171.0,843,670.0,605.0,658.0,580.0,512.0,522.0,494.0,428.0,454.0,2956,2943,2962,2629,2771,411.0,316.0,302.0,254.0,207.0,1501,1618,1562,1624,1625,814,812,781,768,752,,4.0,4.0,6.0,,11.0,11.0,9.0,7.0,7.0,,,,,,15.0,8.0,8.0,8.0,8.0,69,69,69,66,68,68.0,62.0,60.0,60.0,61.0,11.0,12.0,11.0,13.0,13.0,79,76,75,72,68,31.0,31.0,34.0,34.0,30.0,63,60,61.0,65,58,11.0,11.0,11.0,11.0,12.0,37,39.0,42.0,44.0,43.0,9.0,9.0,8.0,9.0,9.0,111,111,111,112,112,16.0,17.0,16.0,14.0,14.0,95,97,95,93,105,138,143,145,144,152,,4.0,4.0,5.0,,1467.78,1466.59,1466.48,1466.5,1466.49,34.36,34.36,34.36,34.36,34.36,-79.94,-79.94,-79.94,-79.94,-79.94,2217.0,3033.0,3519.0,3431.0,2884.0,,,,,,0.0,95108.0,98473.0,99450.0,98910.0,30747,34766,37338,36117,36813,61520.0,51481.0,52321.0,47468.0,34890.0,4046.0,3844.0,3598.0,3656.0,4067.0,19987,19900,17830,16529,17696,2632.0,2822.0,2592.0,3185.0,3378.0,10908,10557,10496.0,12351,11550,100715.0,219173.0,244145.0,268190.0,179672.0,17521,17706.0,18136.0,16198.0,16178.0,12762.0,12779.0,12937.0,13396.0,14599.0,90017,89898,101737,104051,111971,4946.0,4842.0,4882.0,3679.0,3591.0,18687,19266,21363,20132,22058,15747,16472,17141,17613,19033,,81.0,73.0,92.0,,0.0,0.0,0.0,0.0,0.0,68,67,67,67,63,0.0,0.0,0.0,0.0,0.0
1.0,45043,Georgetown County,486.0,610.0,377.0,312.0,257.0,,,,,,0.0,13.0,10.0,12.0,9.0,1067,1086,1088,1103,998,515.0,384.0,423.0,414.0,382.0,109.0,127.0,107.0,90.0,91.0,486,490,490,519,472,545.0,559.0,617.0,600.0,635.0,836,851,820.0,857,753,3.0,3.0,,,,874,866.0,834.0,866.0,965.0,163.0,155.0,151.0,139.0,135.0,3804,4112,3639,3789,3993,1163.0,1104.0,1261.0,1231.0,1088.0,3062,3088,3270,3031,3092,1137,1122,1137,1135,1079,,,,,,30.0,28.0,28.0,29.0,29.0,,,,,,3.0,3.0,3.0,3.0,3.0,164,163,168,165,172,47.0,48.0,47.0,46.0,50.0,17.0,17.0,17.0,17.0,16.0,99,105,102,110,114,95.0,102.0,111.0,115.0,116.0,172,174,176.0,176,175,3.0,3.0,,,,113,107.0,99.0,109.0,111.0,18.0,16.0,16.0,16.0,18.0,259,263,259,271,279,47.0,47.0,49.0,52.0,45.0,167,168,162,160,179,203,195,196,198,200,,,,,,2257.69,2258.5,2258.5,2255.25,2257.66,33.44,33.44,33.44,33.44,33.44,-79.33,-79.33,-79.33,-79.33,-79.33,18600.0,17617.0,17732.0,15313.0,13844.0,,,,,,0.0,538.0,637.0,655.0,630.0,48446,49766,54193,53755,49323,29977.0,22609.0,24061.0,20584.0,22331.0,5273.0,5574.0,5028.0,4642.0,4628.0,25077,31723,26424,30680,29609,19261.0,19817.0,22543.0,24212.0,26243.0,45702,44658,46934.0,49592,50404,268.0,195.0,,,,34731,30334.0,30094.0,32409.0,39906.0,3109.0,3019.0,3091.0,3055.0,3319.0,191326,199528,197528,212281,225574,23948.0,26312.0,26403.0,24969.0,27031.0,58271,58701,65484,58815,78096,25873,27485,27152,27685,29801,,,,,,0.03,0.03,0.0,0.0,0.0,61,62,62,62,63,2.44,2.46,0.0,0.0,0.0
1.0,45069,Marlboro County,31.0,33.0,21.0,18.0,23.0,,,,,,0.0,40.0,36.0,38.0,62.0,121,131,123,280,227,96.0,112.0,101.0,74.0,64.0,33.0,31.0,37.0,34.0,26.0,102,102,94,93,85,26.0,26.0,39.0,36.0,34.0,40,40,39.0,106,33,,,,,,4,4.0,,,4.0,0.0,55.0,51.0,48.0,44.0,1042,1064,1067,1186,1065,,,,,18.0,327,356,373,354,340,161,168,164,165,165,,,,,,5.0,4.0,4.0,4.0,5.0,,,,,,3.0,3.0,3.0,3.0,4.0,13,12,13,12,10,12.0,11.0,11.0,9.0,8.0,4.0,4.0,6.0,5.0,7.0,32,31,30,28,27,11.0,12.0,13.0,11.0,11.0,11,12,12.0,12,9,,,,,,3,3.0,,,3.0,3.0,3.0,4.0,3.0,3.0,42,40,39,42,44,,,,,3.0,26,28,29,27,27,32,31,29,30,30,,,,,,1256.9,1256.9,1256.9,1256.93,1256.9,34.58,34.58,34.58,34.58,34.58,-79.67,-79.67,-79.67,-79.67,-79.67,1768.0,1831.0,1927.0,1726.0,1811.0,,,,,,0.0,4228.0,3303.0,3572.0,4551.0,5159,6387,8909,10782,13046,4444.0,4608.0,3202.0,2866.0,2941.0,1295.0,1321.0,1225.0,1124.0,888.0,3806,3796,3609,3832,3706,550.0,1169.0,3212.0,2945.0,4589.0,1368,1386,1341.0,3493,1321,,,,,,19,8.0,,,74.0,0.0,1146.0,1109.0,1047.0,1051.0,26772,25497,25791,35939,29792,,,,,228.0,4847,4936,5093,5152,5667,2316,2693,2770,2751,2778,,,,,,0.0,0.0,0.0,0.0,0.0,28,27,27,26,27,0.0,0.0,0.0,0.0,0.0
1.0,45091,York County,46.0,47.0,45.0,43.0,45.0,62.0,55.0,63.0,65.0,46.0,0.0,1221.0,1231.0,1201.0,1202.0,3681,3976,4139,4218,4318,4690.0,4665.0,4863.0,4152.0,4863.0,1798.0,1789.0,1705.0,1562.0,1599.0,5499,6224,6981,6937,6847,1493.0,1600.0,1689.0,1793.0,1090.0,7753,7275,7321.0,8099,8663,2132.0,1855.0,3438.0,3614.0,2741.0,3768,4554.0,3557.0,3655.0,3964.0,852.0,906.0,1021.0,985.0,840.0,9995,10076,10603,10768,10587,1445.0,1507.0,1708.0,1766.0,1597.0,9513,9846,9882,10753,9931,4308,4316,4391,4551,4401,10.0,19.0,5.0,3.0,5.0,13.0,13.0,11.0,12.0,13.0,5.0,5.0,5.0,5.0,4.0,22.0,13.0,13.0,13.0,14.0,483,502,518,540,567,297.0,293.0,287.0,284.0,277.0,97.0,96.0,101.0,102.0,101.0,374,377,393,396,384,298.0,335.0,344.0,362.0,399.0,528,552,563.0,571,599,26.0,27.0,25.0,25.0,26.0,265,261.0,284.0,308.0,324.0,65.0,75.0,86.0,80.0,74.0,529,531,552,571,608,87.0,80.0,83.0,91.0,95.0,439,448,480,498,530,580,575,590,602,616,3.0,7.0,6.0,10.0,6.0,1802.16,1801.9,1801.97,1802.69,1802.69,39.97,39.97,39.97,39.97,39.97,-76.74,-76.74,-76.74,-76.74,-76.74,1740.0,1683.0,1517.0,1536.0,2436.0,2405.0,2657.0,3365.0,3708.0,2772.0,0.0,131087.0,136554.0,137340.0,136721.0,179057,205286,222898,225803,252745,297529.0,314968.0,323777.0,274336.0,377318.0,104259.0,107009.0,106754.0,107483.0,113047.0,419174,455657,529141,538300,696301,69196.0,74413.0,79159.0,86698.0,57333.0,409175,396429,444895.0,510289,560118,219620.0,177813.0,304957.0,309091.0,377213.0,124461,132303.0,127880.0,134208.0,156104.0,20920.0,21809.0,25080.0,23965.0,24786.0,376459,374028,441031,467155,507040,22583.0,23434.0,26721.0,25573.0,27281.0,140018,146975,159201,157496,183921,119473,122186,126927,130170,146595,194.0,198.0,90.0,133.0,486.0,0.28,0.57,0.46,0.54,0.54,252,259,266,274,277,2.31,1.99,2.04,2.37,2.3
1.0,45007,Anderson County,29.0,32.0,30.0,34.0,28.0,0.0,,,,20.0,0.0,187.0,174.0,177.0,177.0,2315,2308,2400,2419,2456,3090.0,3333.0,3535.0,3486.0,4823.0,353.0,520.0,492.0,446.0,351.0,1160,1150,2096,2117,1171,441.0,483.0,496.0,509.0,488.0,1907,1828,2993.0,3613,3351,318.0,313.0,443.0,383.0,490.0,3357,3363.0,2886.0,2380.0,2840.0,1297.0,1371.0,1399.0,1462.0,1495.0,8790,9548,9452,9744,9221,626.0,677.0,676.0,682.0,582.0,7222,7124,7575,7665,7190,4750,2821,2975,2909,2809,0.0,14.0,8.0,4.0,2.0,11.0,12.0,12.0,12.0,12.0,3.0,,,,3.0,13.0,10.0,10.0,10.0,12.0,334,346,337,359,375,189.0,186.0,184.0,179.0,184.0,46.0,47.0,47.0,48.0,42.0,253,256,262,267,256,159.0,162.0,160.0,166.0,173.0,286,291,284.0,296,304,21.0,17.0,16.0,16.0,14.0,202,204.0,198.0,194.0,217.0,26.0,26.0,28.0,29.0,32.0,362,376,390,392,399,50.0,54.0,47.0,51.0,52.0,388,386,396,394,419,466,458,457,462,484,4.0,5.0,4.0,7.0,4.0,1961.7,1957.47,1957.48,1957.33,1957.32,31.78,31.78,31.78,31.78,31.78,-95.63,-95.63,-95.63,-95.63,-95.63,871.0,953.0,1011.0,1010.0,1175.0,0.0,,,,1595.0,0.0,13161.0,13628.0,14006.0,14031.0,103908,108175,118597,123791,129481,181814.0,188959.0,202389.0,204528.0,352674.0,16644.0,21160.0,20372.0,20801.0,19425.0,60094,63589,370078,386567,71252,16159.0,17615.0,19325.0,19239.0,20941.0,92252,91282,167352.0,202744,188388,46696.0,47163.0,59414.0,84267.0,97113.0,127438,132280.0,88523.0,86825.0,94405.0,29955.0,32125.0,34454.0,36724.0,40573.0,408057,441871,436422,470450,481462,7883.0,8491.0,8546.0,7409.0,8861.0,99681,106602,116399,108640,125877,164990,73214,78253,78719,80449,0.0,131.0,142.0,164.0,30.0,0.0,0.0,0.0,0.0,0.04,194,196,198,200,202,0.0,0.0,0.0,0.0,1.83
1.0,45021,Cherokee County,8.0,5.0,5.0,8.0,8.0,31.0,31.0,29.0,33.0,36.0,0.0,64.0,67.0,78.0,78.0,694,758,813,781,815,257.0,253.0,248.0,593.0,253.0,159.0,175.0,175.0,147.0,119.0,301,277,261,267,275,106.0,114.0,75.0,70.0,68.0,200,188,179.0,184,171,138.0,144.0,149.0,146.0,133.0,1125,952.0,990.0,1141.0,674.0,0.0,689.0,644.0,689.0,676.0,1335,1206,1194,1258,1401,172.0,204.0,189.0,185.0,144.0,1795,1923,1920,1766,1296,674,709,705,710,721,,3.0,,,,3.0,4.0,5.0,4.0,3.0,3.0,3.0,3.0,3.0,3.0,10.0,5.0,5.0,6.0,6.0,80,81,83,84,88,28.0,27.0,26.0,23.0,26.0,11.0,13.0,12.0,12.0,12.0,64,60,59,59,59,35.0,36.0,33.0,29.0,27.0,41,39,40.0,40,37,5.0,5.0,4.0,5.0,5.0,29,28.0,24.0,21.0,28.0,5.0,5.0,5.0,6.0,6.0,69,68,73,80,79,16.0,18.0,18.0,17.0,16.0,92,91,88,83,85,146,145,146,146,154,,3.0,,,,1028.7,1029.97,1029.9,1028.98,1028.98,31.84,31.84,31.84,31.84,31.84,-95.18,-95.18,-95.18,-95.18,-95.18,75.0,58.0,348.0,245.0,242.0,1510.0,1557.0,1657.0,1830.0,1892.0,0.0,5036.0,5110.0,6836.0,7085.0,35001,38235,40150,42670,45438,10475.0,11925.0,16791.0,20214.0,11476.0,4066.0,4137.0,3880.0,2930.0,3891.0,12112,12792,12485,13427,14108,4757.0,4259.0,3117.0,2671.0,3103.0,6553,7162,7697.0,7091,6899,8322.0,8295.0,8662.0,9049.0,8567.0,24932,23138.0,23641.0,25099.0,25252.0,0.0,15788.0,15126.0,16292.0,19328.0,47798,40740,38388,38665,55323,4681.0,4744.0,4824.0,3785.0,4016.0,25461,26345,26220,24366,21900,14196,14658,15226,15206,15960,,24.0,,,,0.0,0.0,0.0,0.0,0.06,57,57,57,57,56,0.0,0.0,0.0,0.0,1.56
0.0,45025,Chesterfield County,70.0,113.0,155.0,155.0,66.0,142.0,136.0,142.0,129.0,120.0,151.0,148.0,171.0,150.0,153.0,724,820,831,993,839,487.0,500.0,528.0,529.0,508.0,73.0,79.0,86.0,102.0,110.0,206,199,218,230,221,35.0,46.0,54.0,49.0,50.0,92,91,85.0,89,76,,158.0,,,,320,359.0,359.0,147.0,112.0,,,,,,1698,1629,1647,1678,1515,49.0,40.0,35.0,46.0,49.0,1051,1121,1033,956,902,370,345,311,326,320,,,4.0,3.0,,9.0,8.0,8.0,8.0,8.0,5.0,7.0,7.0,8.0,7.0,7.0,6.0,6.0,6.0,6.0,52,56,54,59,55,26.0,26.0,26.0,25.0,25.0,6.0,6.0,6.0,9.0,10.0,52,52,52,50,47,15.0,17.0,17.0,17.0,17.0,28,27,26.0,25,26,,3.0,,,,21,15.0,18.0,19.0,19.0,,,,,,95,91,92,98,95,7.0,7.0,8.0,9.0,9.0,64,64,64,67,74,90,86,84,86,84,,,4.0,7.0,,2087.2,2087.1,2087.21,2087.15,2087.21,37.39,37.39,37.39,37.39,37.39,-77.58,-77.58,-77.58,-77.58,-77.58,2811.0,3852.0,4321.0,4165.0,3287.0,3683.0,6155.0,6474.0,6543.0,6556.0,11390.0,11922.0,13038.0,11521.0,15173.0,33191,35955,40501,45803,42179,22339.0,22375.0,23512.0,22023.0,23053.0,4218.0,4453.0,4751.0,5485.0,6008.0,7460,7687,8771,9869,11174,942.0,1496.0,1820.0,1799.0,1654.0,3031,3136,3177.0,2675,2473,,16081.0,,,,8943,9490.0,10221.0,4876.0,5202.0,,,,,,45017,42236,47683,47119,48675,567.0,567.0,642.0,686.0,829.0,14732,12728,12235,12044,14248,6386,6353,6673,6740,6795,,,127.0,168.0,,0.0,0.0,0.0,0.0,0.0,46,46,46,46,44,0.0,0.0,0.0,0.0,0.0
1.0,45047,Greenwood County,35.0,43.0,45.0,48.0,42.0,,,,,,0.0,33.0,32.0,37.0,31.0,947,934,975,990,975,686.0,708.0,747.0,792.0,1272.0,211.0,218.0,229.0,200.0,174.0,517,493,477,504,459,174.0,199.0,195.0,198.0,186.0,652,620,612.0,632,632,148.0,185.0,140.0,201.0,195.0,803,1139.0,880.0,890.0,1198.0,113.0,124.0,133.0,133.0,136.0,4545,4521,4783,4737,4470,186.0,179.0,172.0,180.0,271.0,2673,2839,2833,2954,2797,979,915,993,1034,703,,,,2.0,1.0,8.0,8.0,9.0,8.0,8.0,,,,,,4.0,3.0,3.0,3.0,3.0,104,108,106,100,106,58.0,58.0,56.0,60.0,59.0,15.0,16.0,16.0,19.0,19.0,98,91,87,87,94,51.0,51.0,55.0,53.0,53.0,106,100,98.0,96,95,10.0,11.0,10.0,12.0,12.0,58,60.0,55.0,57.0,58.0,8.0,8.0,7.0,8.0,8.0,133,126,129,131,135,16.0,16.0,16.0,17.0,16.0,122,132,133,133,146,156,156,154,160,157,,,,3.0,4.0,1198.88,1198.86,1198.86,1201.27,1201.47,37.87,37.87,37.87,37.87,37.87,-96.25,-96.25,-96.25,-96.25,-96.25,1947.0,2072.0,2493.0,2446.0,2884.0,,,,,,0.0,3158.0,3288.0,3292.0,3266.0,39792,44695,48152,48566,48535,30943.0,31119.0,34648.0,36687.0,75515.0,8398.0,8651.0,8081.0,8079.0,7081.0,25795,24906,25961,29178,31168,5494.0,5886.0,6160.0,6557.0,7454.0,31808,31418,32719.0,32826,32943,16975.0,17494.0,16250.0,19213.0,19608.0,26116,30105.0,26078.0,34679.0,34120.0,2155.0,2233.0,2388.0,2394.0,2639.0,204357,205473,219661,214511,230542,3171.0,2829.0,2721.0,2795.0,4161.0,37472,40423,40443,39689,46106,18453,18963,21064,19715,18426,,,,215.0,52.0,0.13,0.23,0.13,0.28,0.23,70,70,70,71,69,2.24,1.67,1.64,1.96,1.81
0.0,45053,Jasper County,47.0,47.0,47.0,31.0,32.0,,,,,,0.0,159.0,147.0,156.0,151.0,1134,1164,1235,1221,1198,676.0,467.0,502.0,581.0,585.0,0.0,329.0,284.0,279.0,281.0,114,116,100,101,92,62.0,66.0,98.0,93.0,105.0,268,254,258.0,274,269,,,,,,731,774.0,828.0,778.0,806.0,210.0,219.0,170.0,198.0,232.0,986,999,1006,1025,1132,70.0,246.0,91.0,101.0,111.0,843,874,896,898,810,308,344,324,298,278,,,,,,8.0,8.0,7.0,6.0,4.0,,,,,,5.0,6.0,5.0,4.0,4.0,128,137,142,145,153,32.0,31.0,33.0,34.0,32.0,4.0,4.0,4.0,6.0,5.0,24,27,26,27,25,23.0,24.0,24.0,27.0,33.0,40,42,41.0,43,43,,,,,,60,60.0,69.0,77.0,77.0,8.0,9.0,8.0,7.0,8.0,45,41,46,49,50,4.0,5.0,5.0,5.0,8.0,64,68,72,72,75,67,64,62,67,69,,,,,,1741.12,1741.24,1741.21,1737.7,1737.84,30.75,30.75,30.75,30.75,30.75,-94.0,-94.0,-94.0,-94.0,-94.0,2290.0,2334.0,2220.0,1732.0,1779.0,,,,,,0.0,14063.0,14391.0,17152.0,17908.0,52442,58679,63289,65368,69931,38320.0,27175.0,29678.0,33214.0,34172.0,0.0,25550.0,19518.0,19868.0,20465.0,8701,7758,6505,6844,6002,2973.0,3710.0,4108.0,3972.0,5384.0,11697,11791,12928.0,14658,15313,,,,,,26442,28189.0,31125.0,33751.0,42209.0,6572.0,7210.0,6392.0,7172.0,10216.0,36329,37501,39991,40508,41859,2232.0,2668.0,3099.0,3365.0,3993.0,13990,13878,15044,14820,16346,8682,9313,9409,8992,9621,,,,,,0.0,0.0,0.0,0.0,0.0,27,28,29,30,28,0.0,0.0,0.0,0.0,0.0
1.0,45051,Horry County,76.0,83.0,72.0,87.0,116.0,70.0,61.0,63.0,65.0,57.0,218.0,220.0,224.0,240.0,229.0,6864,7054,7492,7701,7679,3001.0,3140.0,3086.0,2950.0,2945.0,2920.0,2830.0,2315.0,2003.0,1714.0,3574,2830,2925,3021,3018,4513.0,4628.0,4714.0,4845.0,4484.0,3539,3838,3783.0,3835,3846,1127.0,1172.0,1001.0,1032.0,1204.0,5151,5075.0,4981.0,5511.0,5154.0,640.0,673.0,671.0,640.0,630.0,12028,12781,13207,14035,14040,4876.0,5034.0,5311.0,5508.0,4268.0,30954,31750,31311,31700,27568,4392,4292,4220,4376,4268,5.0,3.0,14.0,17.0,9.0,16.0,16.0,17.0,19.0,19.0,5.0,4.0,6.0,4.0,4.0,8.0,9.0,11.0,11.0,9.0,957,975,1009,1010,1090,284.0,289.0,284.0,280.0,286.0,114.0,121.0,126.0,124.0,132.0,488,489,488,488,494,693.0,746.0,773.0,824.0,940.0,789,802,800.0,809,828,40.0,35.0,32.0,32.0,34.0,532,533.0,569.0,580.0,606.0,56.0,61.0,67.0,63.0,73.0,748,784,836,846,867,254.0,250.0,251.0,253.0,249.0,1336,1338,1329,1327,1363,745,746,738,752,799,4.0,7.0,8.0,14.0,7.0,2967.97,2967.13,2967.13,2967.21,2967.92,33.92,33.92,33.92,33.92,33.92,-78.96,-78.96,-78.96,-78.96,-78.96,2963.0,2864.0,2789.0,3812.0,4491.0,2167.0,1874.0,2124.0,2218.0,2185.0,14440.0,16230.0,16318.0,16565.0,16867.0,278848,294999,324408,346544,395457,141541.0,142180.0,139715.0,133047.0,145168.0,118640.0,114057.0,110574.0,106412.0,108463.0,199017,174051,184177,219376,233631,159912.0,164973.0,175360.0,161296.0,201115.0,174760,177285,185697.0,206835,223069,61679.0,62587.0,61952.0,56860.0,71409.0,149694,139515.0,141357.0,152795.0,172009.0,16910.0,20719.0,18836.0,16702.0,20219.0,593702,631292,688453,704201,792339,99177.0,103927.0,110750.0,90986.0,110501.0,625124,636485,682775,571956,704571,111272,109986,114683,116274,128493,40.0,62.0,520.0,540.0,152.0,0.18,0.15,0.12,0.3,0.26,310,321,332,344,345,1.87,1.87,2.03,1.98,1.94
1.0,45055,Kershaw County,95.0,90.0,83.0,59.0,50.0,,51.0,49.0,39.0,43.0,84.0,82.0,79.0,71.0,48.0,834,948,863,914,963,119.0,91.0,90.0,235.0,196.0,0.0,1764.0,1508.0,1427.0,1422.0,479,371,385,385,388,81.0,102.0,85.0,76.0,83.0,406,407,397.0,376,375,191.0,203.0,248.0,110.0,149.0,567,807.0,732.0,676.0,581.0,200.0,217.0,219.0,221.0,213.0,2043,2034,2197,1948,2098,266.0,271.0,251.0,230.0,183.0,1572,1587,1485,1498,1535,766,733,759,805,685,,,,3.0,,20.0,20.0,17.0,12.0,15.0,,3.0,3.0,3.0,3.0,9.0,8.0,8.0,7.0,6.0,138,144,142,154,152,28.0,27.0,26.0,27.0,24.0,15.0,16.0,15.0,16.0,16.0,79,81,83,81,83,34.0,35.0,34.0,35.0,38.0,75,73,66.0,71,70,6.0,5.0,3.0,3.0,4.0,63,60.0,64.0,64.0,68.0,15.0,20.0,19.0,21.0,22.0,99,104,106,110,103,25.0,27.0,26.0,27.0,24.0,98,101,97,102,99,133,137,131,130,130,,,,3.0,,1917.5,1917.3,1917.28,1917.25,1917.24,34.33,34.33,34.33,34.33,34.33,-80.57,-80.57,-80.57,-80.57,-80.57,2984.0,2987.0,2629.0,1916.0,2103.0,,3736.0,3760.0,3206.0,3400.0,5451.0,5172.0,4978.0,5162.0,2965.0,32794,37205,37948,41200,47306,6114.0,6293.0,5979.0,13597.0,13279.0,0.0,72031.0,67857.0,63301.0,62152.0,20765,16992,17754,18065,18466,2820.0,2731.0,2846.0,2279.0,2627.0,17157,16498,15762.0,16292,17143,4547.0,4941.0,3934.0,2640.0,3855.0,13713,18921.0,15161.0,14927.0,14438.0,5168.0,5952.0,5875.0,5958.0,6619.0,82864,91328,94716,87014,97267,5684.0,5944.0,5813.0,6367.0,4002.0,20703,21005,21143,20432,24442,19522,19106,19744,19859,17313,,,,39.0,,0.0,0.0,0.0,0.0,0.0,64,64,65,66,65,0.0,0.0,0.0,0.0,0.0
0.0,45061,Lee County,27.0,16.0,18.0,16.0,22.0,,,,,,,,,,,68,64,62,62,65,81.0,85.0,93.0,198.0,202.0,,,,,,61,66,59,62,69,,,,,,42,42,44.0,34,38,,,,,,119,110.0,115.0,116.0,141.0,95.0,92.0,98.0,99.0,87.0,265,196,308,281,297,,,,,,256,275,250,262,239,73,220,279,275,275,,,,,,5.0,3.0,3.0,3.0,4.0,,,,,,,,,,,9,9,11,10,11,10.0,10.0,11.0,14.0,13.0,,,,,,14,14,13,13,13,,,,,,11,11,12.0,11,12,,,,,,10,11.0,10.0,11.0,14.0,3.0,3.0,3.0,3.0,4.0,13,12,15,14,14,,,,,,19,18,17,17,18,26,28,30,31,31,,,,,,1064.96,1064.92,1064.93,1065.12,1064.92,30.3,30.3,30.3,30.3,30.3,-96.96,-96.96,-96.96,-96.96,-96.96,603.0,559.0,634.0,639.0,617.0,,,,,,,,,,,3324,3287,2929,3216,2827,4524.0,4860.0,4699.0,5703.0,6124.0,,,,,,1828,1951,2097,2247,2197,,,,,,1048,919,923.0,876,1008,,,,,,5294,5164.0,5461.0,5616.0,8375.0,2138.0,2229.0,2516.0,2682.0,2773.0,5189,5298,13955,7904,8615,,,,,,3078,3334,3345,3195,3624,1041,6166,6310,6391,8860,,,,,,0.0,0.0,0.0,0.0,0.0,18,18,17,17,17,0.0,0.0,0.0,0.0,0.0
1.0,45075,Orangeburg County,153.0,151.0,142.0,127.0,128.0,,,,,,144.0,216.0,196.0,188.0,170.0,613,713,743,740,675,1044.0,1052.0,933.0,992.0,959.0,176.0,167.0,152.0,149.0,153.0,628,618,577,556,554,139.0,137.0,153.0,158.0,149.0,421,402,390.0,408,383,70.0,125.0,90.0,108.0,97.0,730,478.0,450.0,459.0,450.0,911.0,883.0,908.0,839.0,751.0,4581,4175,4242,3861,4045,212.0,331.0,300.0,340.0,256.0,3430,3555,3633,3576,3155,993,894,859,835,808,,,,,,20.0,21.0,20.0,18.0,17.0,,,,,,9.0,9.0,9.0,8.0,9.0,90,89,90,94,100,58.0,61.0,58.0,62.0,61.0,17.0,18.0,18.0,18.0,17.0,103,103,100,98,96,45.0,42.0,44.0,41.0,40.0,80,85,87.0,79,83,5.0,6.0,6.0,8.0,8.0,56,54.0,56.0,48.0,49.0,18.0,18.0,17.0,17.0,17.0,217,213,216,210,214,14.0,17.0,17.0,19.0,20.0,185,187,192,188,185,205,200,191,196,202,,,,,,2921.44,2921.44,2921.37,2921.37,2921.53,33.41,33.41,33.41,33.41,33.41,-80.78,-80.78,-80.78,-80.78,-80.78,6296.0,6277.0,6281.0,5924.0,6219.0,,,,,,11738.0,11455.0,9756.0,10087.0,9808.0,29734,32666,37048,38854,37338,50987.0,53087.0,48932.0,51841.0,53957.0,7883.0,7552.0,7296.0,7177.0,6705.0,29659,29674,29224,30655,30696,4840.0,5535.0,6365.0,5432.0,6595.0,20147,21817,18047.0,19225,22891,6502.0,8672.0,6837.0,9709.0,8932.0,16140,12930.0,12488.0,12432.0,13874.0,28542.0,29726.0,29551.0,28498.0,28425.0,183802,185246,183088,184085,192104,4335.0,5414.0,5767.0,5927.0,5888.0,45274,47235,48725,45244,51052,19338,18715,18227,18290,19234,,,,,,0.01,0.01,0.01,0.04,0.01,89,88,88,87,85,3.56,3.8,3.77,2.62,3.73
1.0,45083,Spartanburg County,63.0,64.0,53.0,58.0,59.0,139.0,151.0,143.0,174.0,156.0,0.0,235.0,237.0,229.0,250.0,6327,7304,6978,7478,8034,7317.0,7414.0,7140.0,7669.0,7580.0,2616.0,2148.0,2183.0,2058.0,1716.0,2772,2805,3000,3139,3171,1190.0,1167.0,1245.0,1244.0,1130.0,4028,3907,3982.0,3765,4736,3673.0,3568.0,3112.0,3351.0,3127.0,9552,11351.0,13625.0,14592.0,13324.0,2501.0,2536.0,2647.0,2919.0,2496.0,16249,16189,15735,14860,15802,976.0,973.0,741.0,1014.0,946.0,11341,11959,12424,12216,11258,5309,5252,5294,5396,4997,,17.0,9.0,15.0,5.0,9.0,10.0,8.0,12.0,13.0,10.0,9.0,9.0,11.0,10.0,13.0,9.0,10.0,11.0,10.0,557,599,592,602,642,439.0,432.0,418.0,421.0,424.0,73.0,73.0,71.0,74.0,88.0,410,410,524,512,501,256.0,278.0,286.0,276.0,304.0,491,497,506.0,516,521,80.0,86.0,83.0,78.0,77.0,357,347.0,354.0,368.0,396.0,56.0,56.0,54.0,49.0,51.0,577,575,593,612,633,74.0,74.0,77.0,81.0,77.0,579,594,598,606,623,758,759,759,764,780,,9.0,10.0,8.0,10.0,2121.95,2121.34,2121.32,2123.03,2122.93,34.94,34.94,34.94,34.94,34.94,-82.0,-82.0,-82.0,-82.0,-82.0,1777.0,1887.0,1873.0,2501.0,2810.0,5863.0,6635.0,7127.0,9176.0,10592.0,0.0,19976.0,21125.0,21126.0,21479.0,354941,420614,409291,431794,474615,475940.0,473947.0,477356.0,480846.0,527580.0,126947.0,111691.0,113517.0,111724.0,98876.0,151092,156956,196509,198847,216983,55150.0,43074.0,50422.0,47685.0,50890.0,223785,223406,240418.0,222202,266168,378118.0,409565.0,352224.0,362427.0,368573.0,322415,381868.0,503134.0,557570.0,582545.0,72599.0,76327.0,82609.0,88186.0,92177.0,826267,817447,808344,749712,824008,13336.0,13962.0,14734.0,13609.0,15210.0,166809,179316,188611,178991,198281,140601,142705,148207,152818,159241,,328.0,227.0,295.0,188.0,0.08,0.08,0.08,0.11,0.15,298,302,308,314,323,1.68,1.71,1.58,1.79,1.67
1.0,45001,Abbeville County,,,21.0,17.0,,,,,,,,,,,,134,157,143,157,174,74.0,60.0,68.0,74.0,78.0,80.0,83.0,96.0,93.0,91.0,107,105,82,79,77,,5.0,8.0,,4.0,33,38,32.0,29,35,,,,,,79,73.0,80.0,118.0,122.0,231.0,366.0,241.0,247.0,246.0,467,468,455,448,368,4.0,5.0,,,,339,341,344,385,374,231,258,249,246,237,,,,,,,,3.0,3.0,,,,,,,,,,,,42,44,46,47,54,5.0,6.0,6.0,6.0,6.0,6.0,6.0,5.0,5.0,5.0,24,23,21,20,19,,3.0,3.0,,4.0,15,15,13.0,14,16,,,,,,17,16.0,17.0,16.0,14.0,5.0,6.0,6.0,8.0,7.0,29,30,29,26,24,3.0,3.0,,,,32,32,29,29,30,54,52,50,49,52,,,,,,1323.86,1326.29,1326.29,1325.48,1325.51,34.23,34.23,34.23,34.23,34.23,-82.44,-82.44,-82.44,-82.44,-82.44,,,722.0,662.0,,,,,,,,,,,,5315,5792,6012,5713,6594,3025.0,4694.0,5361.0,5441.0,6151.0,5879.0,6806.0,7041.0,8028.0,8527.0,3741,3903,3037,3151,3681,,173.0,258.0,,98.0,974,978,1277.0,1557,1834,,,,,,2374,2579.0,3438.0,3731.0,3993.0,7221.0,7504.0,7519.0,8319.0,8547.0,18060,19472,19159,19377,16784,120.0,92.0,,,,5005,5382,5466,5232,5728,4363,4319,4369,4849,5359,,,,,,0.0,0.0,0.0,0.0,0.0,25,25,25,25,24,0.0,0.0,0.0,0.0,0.0
0.0,45009,Bamberg County,65.0,53.0,56.0,48.0,45.0,,,,,,0.0,83.0,76.0,,,38,35,37,20,15,33.0,35.0,49.0,63.0,66.0,20.0,22.0,15.0,,,89,85,74,78,77,,,,,3.0,62,59,68.0,58,59,,,,,,40,37.0,47.0,62.0,61.0,304.0,326.0,326.0,292.0,297.0,434,424,475,401,344,2.0,5.0,,,,204,217,205,209,213,153,142,142,143,119,,,,,,12.0,12.0,12.0,12.0,10.0,,,,,,3.0,3.0,3.0,,,9,8,8,7,7,10.0,10.0,8.0,11.0,10.0,5.0,5.0,5.0,,,17,16,15,15,15,,,,,3.0,13,13,14.0,16,14,,,,,,4,4.0,4.0,4.0,9.0,5.0,4.0,4.0,5.0,4.0,36,39,38,39,37,5.0,3.0,,,,24,25,26,24,20,42,43,41,42,39,,,,,,1024.19,1024.2,1024.2,1024.38,1024.2,33.21,33.21,33.21,33.21,33.21,-81.02,-81.02,-81.02,-81.02,-81.02,2902.0,2966.0,3151.0,2602.0,2371.0,,,,,,0.0,5851.0,5914.0,,,1271,1413,1477,673,600,1455.0,1480.0,2650.0,2969.0,3151.0,621.0,646.0,547.0,,,3485,3530,3626,3881,3785,,,,,109.0,1992,2421,2504.0,2663,2956,,,,,,1014,1224.0,1601.0,1943.0,2508.0,9638.0,10449.0,10673.0,10619.0,11575.0,11838,12957,13392,12275,12959,58.0,59.0,,,,2574,2950,2908,2914,2933,2292,2156,2291,2142,1991,,,,,,0.0,0.0,0.0,0.0,0.0,15,15,14,14,14,0.0,0.0,0.0,0.0,0.0
0.0,45013,Beaufort County,6.0,11.0,11.0,12.0,21.0,,,,,,0.0,133.0,118.0,110.0,102.0,3197,3369,3340,3202,3761,759.0,770.0,828.0,750.0,677.0,530.0,649.0,520.0,517.0,520.0,1837,1712,1750,1825,1776,1692.0,2561.0,2402.0,2200.0,2107.0,2528,2555,2818.0,2786,2998,263.0,255.0,256.0,248.0,254.0,3902,3747.0,3834.0,4001.0,4108.0,873.0,893.0,957.0,988.0,951.0,8061,8070,8361,8501,8381,2862.0,2886.0,2964.0,2708.0,2476.0,13368,13722,13928,13890,12168,3365,3582,3924,4046,3887,13.0,13.0,15.0,16.0,48.0,7.0,6.0,9.0,9.0,9.0,,,,,,6.0,6.0,6.0,6.0,6.0,653,679,683,697,734,154.0,157.0,159.0,148.0,158.0,70.0,69.0,72.0,67.0,72.0,281,291,281,287,298,463.0,512.0,533.0,556.0,603.0,653,644,641.0,672,699,20.0,19.0,20.0,20.0,25.0,409,397.0,406.0,416.0,439.0,59.0,62.0,67.0,67.0,72.0,505,494,502,510,524,118.0,119.0,129.0,124.0,135.0,571,573,582,588,580,419,433,454,459,487,8.0,9.0,10.0,11.0,7.0,1833.43,1833.31,1833.34,1830.38,1833.37,35.47,35.47,35.47,35.47,35.47,-76.89,-76.89,-76.89,-76.89,-76.89,468.0,595.0,660.0,585.0,969.0,,,,,,0.0,9327.0,8532.0,7448.0,7314.0,149373,158840,160322,171465,200622,38036.0,39266.0,42345.0,39052.0,41328.0,28538.0,28348.0,29466.0,26889.0,29326.0,154848,147843,143309,159383,172533,82919.0,121567.0,126603.0,109455.0,133232.0,153648,166169,188973.0,204154,227850,19322.0,17880.0,20112.0,18914.0,17825.0,124964,123553.0,129737.0,139329.0,151487.0,27696.0,30020.0,33544.0,34878.0,38598.0,359510,374362,385144,394246,425640,68104.0,68847.0,70361.0,65080.0,73444.0,298880,308198,310914,290005,350060,107034,119809,128098,132154,150536,585.0,748.0,681.0,780.0,518.0,0.21,0.21,0.21,0.21,0.21,179,183,186,190,186,1.69,1.91,1.9,1.69,1.59
0.0,45017,Calhoun County,89.0,95.0,90.0,77.0,91.0,,,,,,0.0,49.0,69.0,66.0,65.0,453,495,483,475,445,238.0,211.0,214.0,216.0,210.0,,,,,11.0,33,32,33,32,29,16.0,16.0,16.0,15.0,16.0,16,17,17.0,14,14,,,,,,203,202.0,240.0,215.0,216.0,,,,,,354,345,348,353,257,13.0,7.0,,4.0,,71,78,74,101,69,114,116,110,110,103,,,,,,7.0,7.0,5.0,5.0,5.0,,,,,,3.0,4.0,4.0,4.0,4.0,37,40,35,37,40,10.0,10.0,10.0,11.0,12.0,,,,,3.0,13,12,12,12,11,5.0,5.0,6.0,5.0,6.0,9,10,8.0,9,11,,,,,,13,11.0,12.0,12.0,13.0,,,,,,21,23,22,21,19,3.0,3.0,,3.0,,8,11,10,11,13,35,34,36,37,39,,,,,,1016.37,1016.37,1016.39,1016.39,1016.32,28.5,28.5,28.5,28.5,28.5,-96.67,-96.67,-96.67,-96.67,-96.67,3036.0,3094.0,2669.0,2963.0,2788.0,,,,,,0.0,4315.0,5747.0,6013.0,5957.0,17802,18158,20936,22006,24204,12887.0,9916.0,10944.0,10672.0,8529.0,,,,,568.0,2035,1638,1622,1626,1648,967.0,1006.0,1126.0,1481.0,1375.0,1262,1026,773.0,762,1004,,,,,,9283,9207.0,10556.0,10316.0,11067.0,,,,,,7910,8075,8558,8921,8628,145.0,54.0,,338.0,,700,691,1050,1857,700,2075,1830,1880,2059,2136,,,,,,0.0,0.0,0.0,0.0,0.0,15,15,15,15,14,0.0,0.0,0.0,0.0,0.0
1.0,45033,Dillon County,28.0,31.0,24.0,22.0,63.0,,,,,,,21.0,17.0,,,110,120,113,112,107,315.0,264.0,234.0,237.0,233.0,22.0,34.0,31.0,36.0,33.0,168,154,152,152,139,43.0,41.0,37.0,38.0,42.0,429,452,134.0,129,125,,,,,,28,28.0,12.0,31.0,73.0,,,,,,1051,1007,1053,1146,1153,,,,,,802,913,829,855,809,260,273,275,312,353,,,4.0,8.0,,6.0,6.0,4.0,6.0,7.0,,,,,,,3.0,3.0,,,28,25,23,24,20,14.0,15.0,13.0,13.0,14.0,4.0,4.0,4.0,4.0,4.0,44,42,44,43,42,25.0,24.0,21.0,22.0,25.0,23,24,22.0,23,26,,,,,,8,8.0,8.0,10.0,12.0,,,,,,52,47,48,48,49,,,,,,56,57,52,55,57,58,60,59,61,62,,,3.0,3.0,,1052.88,1052.88,1052.88,1052.82,1052.87,34.4,34.4,34.4,34.4,34.4,-79.39,-79.39,-79.39,-79.39,-79.39,991.0,897.0,908.0,799.0,1223.0,,,,,,,996.0,670.0,,,3348,3510,4084,4162,4239,15721.0,12019.0,11432.0,12122.0,12547.0,1152.0,1659.0,1846.0,2018.0,1865.0,6526,6084,6490,6365,6225,1233.0,1431.0,1269.0,1339.0,1805.0,5318,5091,3248.0,3431,3419,,,,,,609,593.0,538.0,692.0,1454.0,,,,,,47783,41758,45858,50947,51403,,,,,,10274,10535,10380,10474,11071,5488,6330,8057,10323,14023,,,48.0,155.0,,0.0,0.0,0.0,0.0,0.0,31,31,31,30,29,0.0,0.0,0.0,0.0,0.0
1.0,45081,Saluda County,75.0,73.0,54.0,56.0,65.0,,,,,,,,,,,226,206,248,245,235,53.0,54.0,36.0,42.0,32.0,,,,,,43,42,48,49,43,15.0,14.0,16.0,19.0,21.0,126,62,50.0,81,70,,,,,,21,23.0,24.0,20.0,25.0,0.0,36.0,34.0,35.0,34.0,428,416,441,404,373,30.0,47.0,29.0,26.0,24.0,95,119,136,230,276,136,133,126,114,111,,,,,,10.0,9.0,7.0,8.0,9.0,,,,,,,,,,,32,32,35,36,36,9.0,8.0,5.0,7.0,6.0,,,,,,12,11,12,12,11,4.0,4.0,5.0,5.0,5.0,14,14,13.0,13,15,,,,,,5,7.0,6.0,6.0,9.0,4.0,4.0,3.0,3.0,3.0,21,21,22,21,21,4.0,4.0,3.0,3.0,4.0,12,14,15,15,17,40,39,34,31,34,,,,,,1195.97,1196.24,1196.16,1195.53,1195.41,34.01,34.01,34.01,34.01,34.01,-81.74,-81.74,-81.74,-81.74,-81.74,2333.0,2178.0,2099.0,2223.0,2648.0,,,,,,,,,,,8816,8791,10800,10374,11647,1332.0,1474.0,1184.0,1404.0,1180.0,,,,,,1977,1566,1832,1911,1697,622.0,683.0,697.0,708.0,773.0,3058,1842,1911.0,1944,2484,,,,,,650,747.0,729.0,818.0,928.0,0.0,654.0,662.0,669.0,690.0,12468,12396,12895,13112,12746,1033.0,880.0,478.0,391.0,609.0,1172,1378,1678,2611,2895,2490,2467,2537,2571,3068,,,,,,0.0,0.0,0.0,0.0,0.0,20,20,20,20,19,0.0,0.0,0.0,0.0,0.0
1.0,45079,Richland County,133.0,123.0,139.0,136.0,126.0,0.0,94.0,100.0,101.0,98.0,564.0,549.0,365.0,375.0,335.0,5939,6317,6230,6044,6171,7562.0,8244.0,8756.0,8830.0,7916.0,3141.0,3204.0,3119.0,3003.0,2924.0,18267,12188,12402,12634,12391,2816.0,2849.0,3220.0,2848.0,2785.0,11804,11740,11937.0,10955,10706,2621.0,2308.0,1969.0,1976.0,2533.0,12760,14185.0,14476.0,15673.0,16789.0,4544.0,4169.0,4036.0,4123.0,3898.0,29760,31051,30280,30217,29262,1883.0,2035.0,2044.0,2254.0,1740.0,21243,20830,21995,20960,18670,9167,9113,8851,8659,7393,7.0,20.0,10.0,12.0,22.0,16.0,15.0,16.0,14.0,17.0,4.0,4.0,4.0,5.0,5.0,33.0,33.0,35.0,31.0,30.0,550,558,538,552,558,397.0,397.0,399.0,396.0,393.0,163.0,170.0,182.0,188.0,172.0,767,753,757,745,718,472.0,503.0,527.0,556.0,583.0,1202,1206,1213.0,1217,1224,87.0,77.0,79.0,78.0,83.0,547,527.0,558.0,574.0,606.0,121.0,123.0,131.0,137.0,139.0,1026,1027,1051,1079,1094,111.0,112.0,117.0,113.0,116.0,951,895,909,876,901,997,984,1000,990,1006,4.0,12.0,15.0,13.0,16.0,1998.86,1999.31,1999.32,1999.38,1999.32,38.71,38.71,38.71,38.71,38.71,-88.09,-88.09,-88.09,-88.09,-88.09,5496.0,6326.0,6181.0,6109.0,7198.0,0.0,6250.0,6415.0,6881.0,7344.0,37823.0,41792.0,34294.0,36001.0,34109.0,317197,350158,347611,341336,367424,449943.0,490358.0,529423.0,540675.0,555629.0,204389.0,209191.0,203167.0,195211.0,192614.0,1292882,910503,949641,1038513,1015293,143695.0,149786.0,176067.0,154211.0,169689.0,779362,831466,885579.0,809250,823899,155693.0,131987.0,132120.0,132134.0,173425.0,375464,382031.0,418162.0,443234.0,512765.0,117093.0,110908.0,110684.0,117687.0,127159.0,1633575,1645048,1642002,1649320,1656245,34805.0,39732.0,40161.0,35188.0,40403.0,313422,317116,334018,283870,342849,261519,259316,260106,258432,262420,146.0,443.0,265.0,662.0,344.0,1.55,1.71,1.35,1.6,1.82,405,408,411,415,415,2.39,2.35,2.48,2.26,2.19
1.0,45039,Fairfield County,,13.0,18.0,15.0,16.0,,,,,,0.0,893.0,717.0,698.0,632.0,132,131,150,138,164,0.0,171.0,171.0,173.0,162.0,0.0,28.0,26.0,30.0,33.0,62,52,52,69,66,24.0,18.0,12.0,21.0,24.0,0,2410,1632.0,1417,854,,,,,,251,234.0,296.0,260.0,253.0,67.0,87.0,91.0,75.0,75.0,564,546,532,540,522,,,,,,208,244,200,219,206,152,165,166,165,152,,,,,,,3.0,3.0,3.0,3.0,,,,,,11.0,11.0,11.0,10.0,10.0,25,28,27,29,31,11.0,12.0,11.0,10.0,10.0,3.0,4.0,4.0,5.0,5.0,20,17,18,18,19,12.0,9.0,8.0,11.0,12.0,40,35,37.0,38,39,,,,,,16,17.0,16.0,18.0,17.0,4.0,5.0,5.0,5.0,5.0,23,25,26,30,28,,,,,,20,20,21,22,23,44,46,43,45,48,,,,,,1838.56,1838.58,1838.57,1838.75,1838.69,39.79,39.79,39.79,39.79,39.79,-82.64,-82.64,-82.64,-82.64,-82.64,,471.0,500.0,501.0,495.0,,,,,,0.0,96449.0,78221.0,80859.0,77715.0,6613,6959,6888,6936,7761,0.0,11043.0,11546.0,11158.0,11387.0,0.0,2178.0,2235.0,1654.0,1890.0,2024,1990,1934,2287,2211,762.0,761.0,682.0,793.0,1036.0,0,214568,148914.0,121848,70628,,,,,,12726,11863.0,12539.0,13397.0,10607.0,1983.0,2353.0,2248.0,2158.0,2443.0,16740,16579,14612,18281,19192,,,,,,2969,3163,3073,2937,3136,2670,2810,2722,2734,3327,,,,,,0.0,0.0,0.0,0.0,0.0,23,23,23,22,21,0.0,0.0,0.0,0.0,0.0
0.0,45049,Hampton County,163.0,146.0,143.0,133.0,134.0,,,,,,27.0,29.0,23.0,24.0,23.0,149,168,149,185,171,191.0,212.0,306.0,275.0,269.0,19.0,29.0,15.0,14.0,12.0,125,122,120,115,112,19.0,17.0,13.0,15.0,11.0,138,96,106.0,89,89,,,,,,47,42.0,48.0,32.0,40.0,,45.0,42.0,,,684,646,658,623,589,,,,,,306,302,274,296,296,148,149,162,135,154,4.0,19.0,3.0,3.0,,16.0,14.0,15.0,15.0,14.0,,,,,,4.0,4.0,5.0,4.0,4.0,29,34,30,32,32,8.0,7.0,7.0,6.0,7.0,6.0,6.0,3.0,3.0,3.0,25,25,24,24,24,6.0,5.0,5.0,6.0,4.0,13,12,12.0,15,15,,,,,,13,14.0,12.0,11.0,12.0,,3.0,3.0,,,26,28,26,26,26,,,,,,32,30,31,32,31,39,34,35,33,30,4.0,4.0,3.0,3.0,,1457.03,1457.03,1457.04,1456.94,1456.91,32.79,32.79,32.79,32.79,32.79,-81.12,-81.12,-81.12,-81.12,-81.12,8095.0,7755.0,8247.0,8190.0,9315.0,,,,,,2534.0,2353.0,2217.0,1826.0,1916.0,6157,6831,7022,7607,7702,13113.0,15046.0,16460.0,16306.0,18918.0,1078.0,1133.0,735.0,768.0,659.0,6721,6435,5375,5315,5205,787.0,782.0,716.0,953.0,900.0,14891,13835,15334.0,19904,12891,,,,,,1556,1419.0,1654.0,1259.0,2128.0,,807.0,765.0,,,18619,19567,20290,20266,21075,,,,,,3864,3700,3788,3951,4647,3158,3255,3786,3613,3902,215.0,88.0,46.0,35.0,,0.0,0.0,0.0,0.0,0.0,20,20,20,19,19,0.0,0.0,0.0,0.0,0.0
0.0,45045,Greenville County,35.0,54.0,67.0,56.0,59.0,174.0,171.0,79.0,72.0,65.0,503.0,545.0,577.0,589.0,564.0,10603,10364,10480,10904,11551,11443.0,11458.0,12748.0,13097.0,12396.0,6349.0,7240.0,6882.0,5989.0,5723.0,11050,9767,9930,11152,11174,3197.0,3227.0,3231.0,3394.0,3499.0,18798,19617,19044.0,20775,19486,8724.0,9824.0,10271.0,10209.0,9591.0,24515,25719.0,24947.0,23714.0,24048.0,7966.0,7394.0,7174.0,6823.0,7151.0,31665,29994,32009,34409,33938,3150.0,3629.0,3936.0,4074.0,3375.0,24996,25846,26426,25894,24190,10874,11324,11479,11340,10788,12.0,21.0,24.0,38.0,36.0,16.0,18.0,16.0,15.0,13.0,5.0,5.0,3.0,3.0,4.0,28.0,24.0,23.0,26.0,25.0,1144,1183,1239,1288,1329,823.0,805.0,781.0,786.0,776.0,224.0,225.0,230.0,236.0,237.0,1009,1020,1018,1022,1024,738.0,783.0,836.0,887.0,975.0,1728,1786,1810.0,1836,1902,121.0,118.0,121.0,133.0,126.0,814,810.0,820.0,841.0,890.0,202.0,209.0,215.0,211.0,213.0,1211,1257,1336,1384,1458,179.0,199.0,199.0,211.0,216.0,1225,1227,1254,1310,1341,1266,1294,1303,1336,1367,11.0,17.0,17.0,29.0,21.0,2059.03,2058.69,2058.7,2060.7,2060.65,34.86,34.86,34.86,34.86,34.86,-82.34,-82.34,-82.34,-82.34,-82.34,1479.0,1839.0,1861.0,1931.0,2458.0,10149.0,12179.0,4411.0,4381.0,4193.0,48379.0,53429.0,55569.0,50405.0,46258.0,574829,588027,615730,666470,743380,711054.0,754034.0,859625.0,903182.0,903062.0,388262.0,402368.0,388906.0,379031.0,375325.0,778766,704918,715044,848137,901516,146672.0,146008.0,151464.0,166534.0,196546.0,1349097,1560132,1322897.0,1513907,1520498,714005.0,782495.0,627599.0,605704.0,714940.0,760736,840259.0,804073.0,781409.0,835285.0,217351.0,225544.0,238534.0,236977.0,267696.0,1418725,1369664,1490153,1620054,1705962,59593.0,65306.0,71951.0,62683.0,76643.0,413817,442469,466271,402899,510248,309950,327313,343959,333597,353935,138.0,514.0,691.0,1275.0,987.0,0.96,1.09,0.87,1.17,1.09,490,498,507,516,519,1.83,1.84,1.9,1.82,1.84
1.0,45057,Lancaster County,0.0,27.0,28.0,31.0,29.0,0.0,428.0,465.0,535.0,634.0,0.0,,45.0,32.0,31.0,787,868,886,937,903,1608.0,1740.0,1631.0,1654.0,1468.0,390.0,483.0,495.0,471.0,907.0,1257,1149,1264,1370,1629,146.0,133.0,139.0,145.0,177.0,669,617,623.0,628,689,1937.0,2209.0,2111.0,2115.0,2326.0,785,815.0,914.0,944.0,767.0,51.0,52.0,68.0,56.0,79.0,2584,2818,2961,3135,2881,98.0,147.0,149.0,171.0,232.0,2178,2305,2578,2685,2765,1378,1324,1317,1301,1335,5.0,7.0,8.0,3.0,3.0,4.0,5.0,7.0,6.0,5.0,4.0,4.0,3.0,3.0,3.0,4.0,,3.0,3.0,3.0,121,123,123,121,128,69.0,68.0,64.0,68.0,71.0,28.0,27.0,29.0,29.0,31.0,105,106,119,123,116,71.0,66.0,70.0,75.0,82.0,118,123,119.0,135,147,10.0,10.0,9.0,9.0,9.0,66,66.0,71.0,71.0,77.0,7.0,8.0,6.0,7.0,12.0,150,160,177,181,182,15.0,15.0,16.0,21.0,18.0,111,121,139,136,152,216,220,213,219,228,3.0,5.0,5.0,5.0,4.0,1437.74,1437.72,1437.72,1437.8,1437.75,40.08,40.08,40.08,40.08,40.08,-76.24,-76.24,-76.24,-76.24,-76.24,0.0,959.0,1316.0,1379.0,1406.0,0.0,30843.0,37950.0,42887.0,53772.0,0.0,,3278.0,3233.0,3275.0,35126,42540,45502,47206,46430,96458.0,99285.0,97851.0,98838.0,117293.0,26792.0,52145.0,59352.0,55446.0,92937.0,80695,84438,100812,115943,136245,6353.0,6200.0,6229.0,7281.0,10623.0,45696,39168,42900.0,45211,48362,164645.0,231702.0,217176.0,245645.0,254536.0,24057,27573.0,31962.0,30275.0,27588.0,906.0,1052.0,1056.0,1067.0,1642.0,111214,127723,131085,131164,128046,1732.0,2173.0,2162.0,2726.0,3144.0,31989,33918,38246,38780,48232,60601,75724,78992,79126,86469,70.0,177.0,143.0,308.0,55.0,0.0,0.0,0.0,0.0,0.0,87,90,92,95,95,0.0,0.0,0.0,0.0,0.0
1.0,45035,Dorchester County,102.0,107.0,101.0,86.0,97.0,40.0,38.0,,26.0,25.0,0.0,135.0,87.0,76.0,67.0,1878,1949,1868,1927,2000,730.0,766.0,950.0,1017.0,1091.0,260.0,331.0,320.0,306.0,270.0,693,667,674,675,705,411.0,466.0,441.0,462.0,572.0,1912,1460,1235.0,1209,1428,123.0,117.0,105.0,111.0,116.0,2636,2276.0,2599.0,2161.0,2044.0,325.0,347.0,404.0,438.0,416.0,3526,4110,4257,4376,4411,812.0,845.0,1058.0,981.0,724.0,4077,4133,4467,4489,4423,1551,1645,1722,1671,1694,,6.0,2.0,2.0,3.0,13.0,13.0,12.0,14.0,13.0,3.0,3.0,,3.0,3.0,6.0,7.0,8.0,7.0,7.0,282,298,309,321,333,89.0,96.0,94.0,95.0,98.0,27.0,30.0,31.0,34.0,35.0,163,159,165,161,174,133.0,141.0,156.0,172.0,182.0,210,217,223.0,224,241,7.0,7.0,5.0,5.0,5.0,150,159.0,159.0,163.0,157.0,23.0,24.0,24.0,31.0,32.0,263,259,272,264,295,36.0,33.0,40.0,37.0,36.0,210,217,227,225,250,257,265,268,281,289,,3.0,3.0,6.0,3.0,1491.21,1479.38,1479.4,1479.4,1479.35,38.39,38.39,38.39,38.39,38.39,-76.1,-76.1,-76.1,-76.1,-76.1,9496.0,10093.0,10230.0,10014.0,9811.0,2540.0,2181.0,,1859.0,1507.0,0.0,10420.0,6686.0,5830.0,5707.0,79150,86746,87084,93863,97296,39417.0,42658.0,51224.0,51621.0,61471.0,14886.0,16574.0,19041.0,14486.0,14871.0,32392,32465,33516,37760,43415,15716.0,18039.0,18949.0,21462.0,26483.0,78983,73276,64636.0,67668,99390,8663.0,7878.0,7752.0,9927.0,9719.0,82511,75670.0,78264.0,67671.0,76021.0,8589.0,8893.0,9985.0,10104.0,11419.0,119571,153361,170896,175462,192352,10646.0,11218.0,13758.0,11101.0,14610.0,60185,63937,71277,68731,84405,41423,43684,48539,44867,53411,,166.0,35.0,139.0,131.0,0.87,0.81,0.88,1.12,0.93,152,155,158,161,160,2.1,2.12,1.98,1.97,1.97
1.0,45041,Florence County,161.0,185.0,164.0,147.0,157.0,,,,,,162.0,183.0,171.0,168.0,167.0,1600,1593,1597,1567,1529,2719.0,2976.0,3121.0,2842.0,2781.0,539.0,496.0,371.0,480.0,308.0,3561,2501,2520,2470,2422,522.0,489.0,496.0,489.0,511.0,1909,1918,2098.0,2098,2127,75.0,155.0,158.0,68.0,119.0,3880,3300.0,3527.0,3010.0,3164.0,475.0,472.0,441.0,388.0,425.0,13988,14217,24009,24047,17728,436.0,461.0,495.0,465.0,324.0,6548,7127,7231,7111,6877,2860,2749,2742,2538,2435,9.0,12.0,17.0,12.0,7.0,22.0,24.0,24.0,20.0,22.0,,,,,,15.0,12.0,12.0,12.0,12.0,192,192,194,196,201,176.0,167.0,168.0,161.0,154.0,42.0,44.0,41.0,44.0,44.0,246,232,239,240,245,125.0,121.0,119.0,111.0,122.0,211,212,207.0,200,200,15.0,16.0,14.0,13.0,11.0,166,159.0,152.0,152.0,160.0,26.0,29.0,30.0,34.0,31.0,373,381,402,409,426,26.0,28.0,32.0,32.0,26.0,323,322,323,314,325,339,331,333,342,351,10.0,6.0,5.0,9.0,6.0,2081.8,2083.12,2083.11,2082.97,2083.13,45.84,45.84,45.84,45.84,45.84,-88.39,-88.39,-88.39,-88.39,-88.39,6964.0,7071.0,7005.0,7101.0,7322.0,,,,,,13678.0,14710.0,14838.0,14903.0,14402.0,69018,69824,74401,76350,75161,135378.0,150608.0,164967.0,145474.0,164960.0,21565.0,21493.0,20947.0,19303.0,19240.0,158116,117671,128252,140833,175029,20162.0,20872.0,22237.0,22229.0,25611.0,100349,108859,121837.0,121204,132348,4063.0,13041.0,14340.0,4323.0,5784.0,96539,96114.0,112694.0,101881.0,116041.0,8690.0,8450.0,8545.0,9160.0,10568.0,690345,721810,1245785,1257134,881678,7079.0,7783.0,7711.0,6603.0,6239.0,98056,106291,110799,102719,122286,74095,73711,74968,74088,76946,110.0,116.0,95.0,167.0,66.0,0.19,0.16,0.22,0.2,0.2,139,139,138,138,137,1.79,1.84,1.77,1.73,1.83
0.0,45059,Laurens County,64.0,70.0,57.0,56.0,63.0,0.0,29.0,32.0,31.0,31.0,0.0,109.0,108.0,116.0,111.0,504,569,504,509,545,228.0,223.0,250.0,204.0,203.0,91.0,114.0,116.0,100.0,100.0,267,285,277,272,263,59.0,64.0,67.0,52.0,45.0,278,401,479.0,440,340,,,,83.0,,432,417.0,527.0,597.0,857.0,0.0,674.0,753.0,759.0,694.0,1762,1791,1813,1779,1804,198.0,191.0,114.0,131.0,208.0,1321,1414,1439,1424,1385,609,639,591,563,486,,7.0,2.0,6.0,7.0,12.0,13.0,9.0,11.0,12.0,3.0,3.0,3.0,4.0,5.0,5.0,4.0,4.0,4.0,5.0,72,69,71,76,81,31.0,31.0,35.0,33.0,34.0,14.0,15.0,15.0,13.0,14.0,65,61,63,60,59,25.0,25.0,23.0,26.0,27.0,52,53,59.0,59,64,,,,4.0,,33,32.0,36.0,40.0,42.0,4.0,5.0,7.0,8.0,7.0,83,80,76,73,70,8.0,9.0,12.0,13.0,13.0,80,85,92,85,87,143,135,132,134,130,,4.0,3.0,3.0,3.0,1874.76,1874.74,1874.77,1872.36,1872.41,32.42,32.42,32.42,32.42,32.42,-82.94,-82.94,-82.94,-82.94,-82.94,2939.0,2914.0,2718.0,2673.0,2365.0,0.0,1423.0,1560.0,1509.0,1710.0,0.0,7929.0,8500.0,9410.0,7854.0,20751,21014,22656,23526,26429,12251.0,13403.0,15005.0,12890.0,13553.0,4621.0,4780.0,4591.0,4326.0,4397.0,11658,11855,12243,11892,13039,1639.0,1740.0,1841.0,1777.0,1733.0,15037,14471,18815.0,17950,13172,,,,4698.0,,9461,9979.0,13761.0,15244.0,22780.0,0.0,19628.0,21636.0,22181.0,23106.0,65254,63329,65733,67464,74782,2488.0,2502.0,1727.0,1822.0,2777.0,16886,18026,18274,19614,21067,13231,13520,13745,13570,12573,,50.0,45.0,64.0,47.0,0.0,0.04,0.04,0.0,0.0,67,67,67,67,67,0.0,1.56,1.52,0.0,0.0
1.0,45077,Pickens County,17.0,17.0,19.0,14.0,12.0,,,,,,0.0,138.0,141.0,144.0,139.0,1190,1235,1323,1210,1359,576.0,597.0,535.0,560.0,438.0,181.0,174.0,184.0,160.0,138.0,548,545,534,572,540,216.0,238.0,239.0,247.0,195.0,830,754,809.0,821,864,103.0,154.0,156.0,116.0,134.0,709,740.0,704.0,722.0,655.0,655.0,605.0,638.0,654.0,578.0,3686,3707,3373,2964,2988,678.0,744.0,739.0,802.0,730.0,4864,5146,5308,4978,4744,1690,1814,1758,1717,1644,,,,5.0,3.0,7.0,9.0,7.0,7.0,7.0,,,,,,4.0,3.0,3.0,3.0,3.0,230,235,240,257,278,75.0,73.0,66.0,62.0,60.0,29.0,30.0,29.0,32.0,29.0,135,135,132,138,131,75.0,83.0,81.0,95.0,94.0,151,152,157.0,154,160,9.0,9.0,7.0,6.0,7.0,88,100.0,101.0,98.0,99.0,23.0,24.0,24.0,24.0,23.0,193,187,192,187,196,38.0,36.0,38.0,37.0,38.0,232,248,260,254,254,275,269,259,261,261,,,,5.0,3.0,1326.06,1327.5,1327.47,1327.89,1327.88,34.46,34.46,34.46,34.46,34.46,-84.47,-84.47,-84.47,-84.47,-84.47,445.0,459.0,693.0,497.0,404.0,,,,,,0.0,11842.0,12092.0,13609.0,13044.0,48495,50173,55803,57001,62796,27593.0,29990.0,25113.0,23334.0,20872.0,10627.0,9450.0,9270.0,9200.0,8414.0,30693,30158,29812,31992,32765,7738.0,8144.0,7524.0,7868.0,8583.0,38917,38880,40947.0,44786,51084,11198.0,11952.0,12934.0,12479.0,13788.0,20691,21036.0,17909.0,19610.0,19381.0,12492.0,11141.0,11969.0,12373.0,11377.0,138091,144375,117646,114546,126589,12971.0,13578.0,15218.0,15160.0,18462.0,70223,78426,79616,69425,84375,36355,37866,39617,38900,45670,,,,54.0,2718.0,0.15,0.15,0.07,0.11,0.21,121,123,124,125,130,3.08,3.09,4.01,3.36,2.88
1.0,45087,Union County,67.0,76.0,72.0,67.0,63.0,,,,,,63.0,66.0,63.0,66.0,65.0,100,94,86,85,86,126.0,121.0,148.0,147.0,143.0,250.0,246.0,34.0,25.0,24.0,213,196,156,150,141,143.0,133.0,28.0,28.0,26.0,45,43,46.0,46,41,6.0,6.0,,,,269,164.0,181.0,130.0,161.0,,8.0,22.0,18.0,19.0,958,630,513,338,495,,,5.0,7.0,8.0,541,588,586,607,538,319,336,339,329,290,,,,,,11.0,9.0,9.0,8.0,9.0,,,,,,5.0,6.0,6.0,6.0,6.0,24,24,21,21,24,12.0,12.0,12.0,12.0,12.0,9.0,10.0,7.0,5.0,5.0,34,33,30,28,25,15.0,15.0,13.0,12.0,13.0,20,19,17.0,14,14,4.0,3.0,,,,12,10.0,10.0,11.0,10.0,,4.0,3.0,3.0,3.0,27,29,26,24,24,,,3.0,3.0,4.0,35,31,32,32,37,76,75,77,75,74,,,,,,1336.48,1336.47,1336.49,1335.09,1335.2,37.46,37.46,37.46,37.46,37.46,-89.25,-89.25,-89.25,-89.25,-89.25,3837.0,4065.0,3907.0,3695.0,4035.0,,,,,,4041.0,4141.0,5274.0,4690.0,4850.0,3310,3538,3045,3498,3955,5536.0,5163.0,5947.0,6457.0,6110.0,2091.0,2100.0,1104.0,966.0,847.0,7579,7761,6205,5715,5734,3614.0,3727.0,621.0,577.0,795.0,1029,1105,1295.0,1105,1363,296.0,509.0,,,,4833,3960.0,3652.0,3197.0,7454.0,,156.0,260.0,260.0,269.0,34206,18158,20835,9555,21668,,,60.0,54.0,66.0,6834,7236,7667,7632,8037,5839,5925,6071,5494,5476,,,,,,0.0,0.0,0.0,0.0,0.0,28,28,27,27,27,0.0,0.0,0.0,0.0,0.0
0.0,45089,Williamsburg County,78.0,61.0,64.0,68.0,100.0,,,,,,0.0,,,,,390,376,338,259,309,221.0,234.0,232.0,237.0,255.0,0.0,235.0,236.0,234.0,233.0,137,147,123,129,123,22.0,27.0,20.0,25.0,22.0,110,101,100.0,96,94,,,,,,824,671.0,813.0,739.0,535.0,,,,,,864,893,950,969,899,7.0,12.0,8.0,8.0,7.0,314,315,247,289,266,232,232,199,171,190,,,,4.0,5.0,15.0,15.0,15.0,15.0,16.0,,,,,,3.0,,,,,32,35,34,36,36,23.0,24.0,22.0,21.0,20.0,4.0,4.0,5.0,4.0,4.0,34,34,32,33,34,13.0,13.0,14.0,14.0,12.0,20,19,18.0,22,17,,,,,,27,25.0,25.0,23.0,21.0,,,,,,50,50,52,49,50,4.0,4.0,4.0,4.0,3.0,32,28,31,27,29,56,60,61,62,65,,,,3.0,4.0,2426.89,2426.88,2426.97,2426.95,2426.83,33.64,33.64,33.64,33.64,33.64,-79.74,-79.74,-79.74,-79.74,-79.74,3322.0,2673.0,3232.0,3249.0,4781.0,,,,,,0.0,,,,,14576,14814,14864,14888,13823,8074.0,8926.0,9845.0,8284.0,9218.0,0.0,18517.0,19822.0,18913.0,19339.0,5673,5765,5436,5668,6230,567.0,586.0,547.0,559.0,432.0,6057,4951,5094.0,4175,4061,,,,,,13168,12139.0,19655.0,11341.0,10201.0,,,,,,24892,25959,28724,29877,30488,174.0,178.0,178.0,137.0,129.0,3272,3413,3920,3934,4115,6339,5810,5785,5801,4913,,,,136.0,122.0,0.01,0.01,0.01,0.01,0.01,32,32,31,31,31,6.57,5.91,5.49,5.21,5.13
